34.41223779239759, 13.060903685345076, 0.00030285360377732816, -0.0004308754338998626
21.051460523063575, 6.5462555091474037, 0.00052559932910858182, -0.00016372696045541642
33.204507249003761, 13.711837285762535, 0.00021317637983386467, -0.0010546473350656024
42.621975824026009, 13.393665427841521, 0.00090116173264532552, 0.00042166473286288695
36.198940305753396, 14.302453395263381, 0.0012442064447559422, 0.00078866293240275698
28.344725486444993, 13.112687152266412, -0.001493274560787024, 0.00014255542463327436
39.109788386566791, 13.892972604771836, 0.00031001953821161566, 0.0004321192647076202
20.991636727391526, 2.6967657619308301, 0.00013723120655669392, 7.5305740192738223e-05
28.400371480063651, 12.634513688374891, -0.0010921143876465851, -0.00012949250018685725
50.095982617604363, 11.179143318796827, -9.9084384827056359e-05, -0.0010919278090013493
57.459443881908129, 7.8137768713279909, -0.00034170296858681485, 0.0006588865949540073
54.936952758987729, 9.6147947226939383, -0.0004221760299641539, 0.00032594863137543647
34.02539302627028, 12.15687023885137, 8.0354831572431476e-05, 5.9033453036219008e-05
60.175536271728824, 5.8157054246049613, 0.00013858922623920169, 0.00035539296112513738
30.192579476072265, 13.048607744024661, -0.00079781351668618307, 0.00085587740437768108
28.348886908181232, 10.656500169047646, -5.9204911257355833e-05, 8.2071738299279698e-05
51.401852396035025, 11.426344533752971, 0.00027886308111742931, 3.2049853169244519e-05
47.282328338896029, 12.755719786517615, -0.00020180252975272853, -0.00042699884387837901
37.943668388208984, 13.739614491807504, 0.00037769869164275369, 0.0014164954464501377
32.569209599568353, 12.435299002891009, 0.00017285382573462477, -0.00010171746023214665
61.038809701668633, 4.7098654027948701, 0.00030831351789781377, 0.00020560296613473928
46.380048852624562, 13.21714171127055, -2.1697089712203018e-05, 0.00044681093971303564
54.644582980081623, 9.1343574747541272, -0.00018044916044384816, -0.00023324083239921131
43.263290587218009, 13.993067891226, 0.00077103507732205229, -1.9600302960272797e-05
46.355003622363483, 12.278970696118138, 0.0010985492237456892, -0.00031538172579478549
32.450549900740924, 13.700045972073704, -0.00083872158055254794, 0.0011194586497293814
52.497325101282293, 10.524420189684328, 0.00051625857621827569, 0.00036289462991818575
25.366792902928939, 12.618071178711688, 0.00091498578114228117, -0.00072366764328719044
44.813315450432469, 12.854184281904843, -0.0013404567407722609, -0.00014899409256054509
54.399692555928318, 10.034537922051163, 1.629700341117489e-05, -1.052359251780534e-05
30.089674035036477, 12.331079014397787, -0.00038903312357680591, 0.00066450968944698136
58.921629982645115, 6.5644024619291104, -0.00018900645101822412, 8.3523983346938317e-06
32.409053093499736, 13.751688398958301, -0.0013833953281947654, -0.00031630153898767736
48.284131960615461, 12.89242645047981, -5.8944774251945858e-05, 0.0010358677528385326
61.573711493469879, 4.9878127038975473, -0.00017602673974689102, 1.2131075885728355e-05
25.632556331582048, 10.907056404347303, 0.00016110392329240491, -0.00082693731024220825
61.9220570078798, 4.9075471912143751, 0.00011959684378621376, -0.00016517605362432954
44.445986373328545, 13.216588564002349, 5.3614951885114559e-05, 2.4883127651118207e-05
45.653303807583477, 12.460624189422539, 0.00067196342765116191, 0.0011912509898101976
33.851253892260971, 13.365168412467192, -0.0014394220789100004, -0.00015408379010913782
58.241111822433524, 8.2034446732856026, 0.00019049704449401584, 0.00013486319872480382
55.944656123541982, 8.8903012641383583, 9.1401264329566822e-05, 0.00047204572417652277
41.924248412002548, 12.984801975415618, -0.00084433369132407769, -0.00052695843795441417
20.026804764131303, 6.0079701922454705, 0.00039079882820410147, 0.00032002572652341363
28.946822986435357, 11.532283961575827, 0.00014519993693037632, 0.00027788633689091488
30.80335290549689, 12.156735335690806, 0.00013392730325671975, 0.00010349387805350165
49.217396323053869, 11.756495728900562, 0.00094128766484775212, 0.0002113475486259162
41.619868228203387, 13.291160279644746, 0.00062000504587440993, 0.00028105649846735345
48.825261962517565, 11.331391594936084, 0.00057034514411512629, 0.00057635845678187189
41.670974392967238, 13.847315659807901, -0.00010498895134016979, -2.9681571356650872e-06
61.653360409019108, 5.8414275077500468, 0.00012962601709924371, -4.6510652717746355e-05
54.410476675958385, 10.309988294299739, 0.00050975239185233707, 7.3791495607305167e-05
31.177993645891775, 13.171869395160918, -6.1039578291715495e-05, 0.00011848684401918266
53.462739743649948, 10.512007068981095, -0.00040750145078442688, 0.00022208092922141622
30.582122019204711, 13.939534832129931, 0.00041343096674068404, -0.0013387515323050481
27.053339810707953, 11.968223262172513, -0.000279642665578872, 0.00084892708159016385
38.951696386472712, 13.560747571691184, 0.00039301102474866088, 0.00037876820680837417
62.170567444473946, 4.4836935578517076, -5.5745606406978223e-05, -6.9681663549895625e-05
50.727933316291406, 11.281169796232833, 0.00010047411661029386, -0.00014705529649220621
42.000515953047206, 13.447089251736207, 0.00019881777076275031, -0.00023764386288889635
40.74653515823212, 13.108560522789963, 0.00068440881469720646, 0.00098078302446156476
51.709871728836085, 10.755612074288274, -0.00083754394314031352, -0.00062274900682087061
32.976312643746049, 13.717139868445221, 0.0010541613079154235, 0.00035855217196250261
37.958235575241623, 13.8161053665561, 0.00012531677671871665, -0.00021309892092847332
23.112509468056597, 4.4096897935549206, -0.00012340206506345768, -1.3896729790255863e-05
44.358181536055532, 12.601533228501451, 0.00076606015543934395, -0.00056585216332596217
25.223999326177093, 9.3834384559188528, 0.00061119414063499455, 0.00069423256513818162
34.136670633668942, 13.667435872635293, 0.00053759578959440156, -0.001009828202195988
53.879928011060649, 9.7386979338544482, -0.00072190900129541296, -0.00049346436210323703
56.545781891458184, 8.9271193644248612, -0.00013239825226165255, -7.8967044257010089e-05
25.552200054207169, 11.251383252915913, 0.00032866031700118842, 0.0007205376319344962
57.469262319579755, 8.8806280169631506, -0.00052287022396122471, -0.00043841104811568151
40.120489173871263, 14.167187874307302, -0.00041442218533418096, -2.7776717703253388e-05
24.792979780333255, 11.010135894879689, 0.0011198597130719406, -3.2861224471409325e-05
33.615239081851094, 13.274252406236485, -0.0004008689591227121, -0.00027241097686437666
42.947992263895991, 12.958852188972987, -0.0004348201781449383, 0.00069446880987139104
29.530629426530297, 12.742414375419937, -0.00056038511503526023, 0.00070528560047701159
50.038690968191325, 11.756568171449718, -2.9888420965749431e-05, -0.00018429535206020608
54.381137279385378, 9.292228274459374, -0.00086552804594858192, 0.00041041242085452064
32.286450140079957, 13.233466247381774, 0.0013391221425762595, 0.00044460978635814245
51.073225213553293, 10.506485431457152, 0.00089298090950074493, 0.00055984569071903742
51.901015941243827, 11.371708237051967, 0.00018710438635049809, 0.00023375221148663619
32.029485150998667, 13.553564867433039, -0.00089657126226545738, -0.0011766386739071137
23.765297016417016, 3.855122283558559, -9.868057379904781e-05, -0.0002334160863252159
30.184444645938107, 12.563273639629761, 0.00010007704181116229, -0.00023895443156618287
58.140980329532027, 8.0303824582354437, -0.00023103995351760756, 0.00012821748936429041
43.295586469933717, 13.256947981396763, -0.00041546106013058725, -7.8638916861801421e-05
49.437075182147069, 11.560173717658405, -0.00027192720002354909, 0.00012707891332042266
25.811151617135671, 9.2351642495905466, -8.5676680166414725e-05, 0.00022986645783450391
57.399557437706569, 8.148318561274067, 0.0005350316034456314, 0.00023242548038842365
49.834338738420172, 11.122487029068697, 0.00048794564401774727, 0.00063518031803230313
52.091629977262201, 10.677929385965385, -0.00078425611433296041, -0.0003342843722043405
55.192656638891904, 8.4303536894367621, -0.00039354831712172891, 0.0008395623128627951
41.875200963237511, 13.498013860496984, 0.00045619686259154617, -0.00030875992440151527
56.060843508915831, 9.328018459394956, 0.00023715564368528459, 5.5256446198536006e-05
47.044205654484408, 12.418634008294644, -0.00026332216437015862, 0.00057279686929761033
44.02727000659273, 13.513302632962354, 0.0011096346606078019, -0.00036902866594305318
54.314419593477034, 9.2112293486836947, -0.00070304934003302547, -0.00019825961236540223
47.400275097277181, 12.581853832099128, 0.00054416411824367242, -6.4142427747957236e-05
44.035090590915658, 13.272736963787887, 0.00012307384225104657, -0.0012454127350756163
62.292688190723126, 2.7368053347587544, -0.00014839318937855738, 0.00024938676819461517
49.811265618846704, 12.11956490607877, -0.00013495026868162166, -6.1925869094667666e-05
44.350116134536222, 12.355862068244688, 0.00070483080396303638, -0.0011529780426790036
47.556959905519733, 12.390624789425292, 0.00023812143888347827, 0.00013838248992712653
47.392665693025741, 12.658281358024183, 0.00037222609577328581, 0.0004935025812869932
29.266884774050574, 12.836744810761713, -0.00048697939933107099, -3.7883619494845121e-05
56.806578563743315, 8.2593217551754243, -0.00040739152396466056, 0.00055643027446665991
55.654035242598781, 9.3539855453875091, 0.00031396051582008061, -0.00011995995215883926
53.721332247632859, 10.671807144147488, -5.2826603300804298e-05, -0.00016650790594253804
40.053826039293881, 13.810504127150327, 0.00085909406690613224, -0.00010120413861940529
51.659229554772878, 10.296255036080304, 0.00070550313401457408, -1.4827717883155259e-05
27.339255405392255, 11.29772896792147, 0.00024019014794622061, 0.00034948375933415668
55.589044311585489, 8.6389740975890046, -0.00040052290286049486, 0.00069918163344100798
32.363455503985534, 12.940868580275756, -0.00025118551570356423, -3.2737686736511694e-05
41.514579796218072, 13.693070584363626, -0.00087269507413802725, 0.00012914973332177405
44.211518607000031, 12.903141437217139, 0.00049704286434531814, -0.00066120489862303913
55.072256883232512, 9.9794434252333453, -7.3285191634627045e-05, -8.63340483313745e-06
51.869371219777484, 11.352937541328089, 8.6139166904482595e-05, -0.00016945220626237697
55.802730676880493, 9.1869505942925933, 0.00017336946209687036, 0.00071879688355258836
45.125892170086743, 12.698911220790315, -0.00019032142089757777, -0.0013060047440501522
60.90659487042057, 5.6436073820942676, 0.00022992579971967906, 2.2495674706971744e-05
28.147764977758317, 12.09605269949879, -0.00074350767554232327, 0.00040009494571077882
20.965123558083292, 8.0794554217004144, 0.00019413437604119351, -0.00081522828501160935
61.166827178039824, 4.3708336904489737, 0.00018413051189183864, -0.00040181598493009167
27.830591665711797, 12.619736616957921, 0.0011806346387292276, 0.00031477162845908543
29.056450286815835, 13.185682436905759, 0.00077031723911099583, -0.0003268682125961331
39.83662256977231, 13.35052203404987, -0.00027999149265890938, -0.00072260564758346783
56.884969026337565, 9.6789759443323682, 7.92116113598374e-05, -0.00021540933438989699
55.765170548618443, 8.1721349747513727, 0.00034761472969398161, -0.00079460385737585755
46.008995044383568, 12.600135579987425, -5.4316575293341373e-05, 0.00032865255376161374
54.720087629093776, 9.649901706220593, -0.0002644301142651657, -0.00024878971259985799
42.894390682429865, 13.562506295395346, 0.00083269593670621525, -0.00034632410104667234
60.517971462659105, 6.3729699063174401, -0.00025170564568680179, -0.00012394936185487369
28.975146786479769, 14.302204177841819, 0.00013714253836340351, 0.0011802482036756641
29.783392766228303, 11.018623690921515, 0.00012697901245166981, -0.00013545008528659152
63.073494710589522, 2.5940794595379737, 6.8480113729663716e-05, -0.00011397841122065697
49.762290607328353, 11.002614942907858, -0.00056775117213485782, -0.00048506652866072265
51.60744666466541, 10.492385211177147, -0.00025814873147997775, -0.0010135581404679395
32.573899105894952, 13.874254230159009, 0.00099947041720352902, -2.5308959298352162e-05
55.457967840035963, 9.6541859185312191, -4.7509938433042424e-05, 5.0350201275396819e-05
28.663410609096097, 12.600375603858506, 0.00010620650502162412, -0.00075301057945133254
30.287796070484553, 13.116979504313283, 0.0003830851711945147, -0.00050300081307936445
54.115156596629902, 10.416024034437445, -0.00055110187186108595, 0.00019767251664321947
60.094526898534873, 5.9677197909081041, 0.00052396083941780552, 0.00021190664155721169
62.052505774180524, 3.7007374545526397, 0.00014513443219055892, -0.00018354018579010541
47.614914211152417, 12.825349171919532, 6.0291211859083177e-05, 0.00014798571069100651
55.413244087218317, 9.7414434534664309, -0.00033307703473798558, 8.1578771541803222e-05
45.162503116187004, 12.802480149844794, -0.00056779325792607473, 0.0012389674922879772
52.045713718611132, 11.183501413158314, -0.00075771853957679633, 0.00029243401179612002
21.698878752380917, 6.879641633550805, 0.00021459285254997882, -0.00052605009287255374
55.42470138330772, 8.9508052210068225, 0.00014570789267920239, 0.00042361724360813767
39.766590541304588, 13.672463446729477, -4.5445807760124059e-06, 0.00050825604506750562
21.596389198168875, 6.7327661513393213, -0.00029287093449412459, 0.00033979493671229522
42.944503838733979, 13.210943185401639, -7.7966440846814002e-05, 0.0009391020373706782
30.885115982819428, 12.723905192112985, 0.00013112880573171851, 0.00042328203990873038
54.504280358112752, 10.389487954626736, 0.00025638165406411485, 3.3872694017587645e-05
62.607723896273129, 3.3033324592036752, 5.9977273144101154e-05, -0.0001573476228457361
37.698120843111759, 13.674878716721587, -0.00014169760772695509, -0.00076152006170637928
23.853061471969539, 3.5371885733441939, -9.1891141754759818e-05, -0.0001025002919008459
43.637061098557709, 13.177944001658551, -0.0007052969434260118, 0.00020315961093507638
50.565789885822625, 10.725444611284694, 0.00075976914831561964, -0.00051204249339337248
20.405933846038632, 4.7232034025146667, 0.00036275297635148874, -0.0002038974051813386
47.04431500287253, 11.471336574184738, 0.00087064240391790675, 0.0008936993198876245
60.926760132066242, 5.4102308905440362, -4.5432858394030683e-05, -0.00037248297511289184
61.204514451285746, 4.680031826062689, -0.00032273065354074455, 0.00012807079611475386
36.070563119380836, 13.500943710573155, 0.0011460647129535456, 0.00019722350897178646
28.433170078516582, 12.695743867311592, -0.00079405550253581255, -0.00060745166461903218
47.579791410968483, 12.038493096414184, 0.00047057799568534056, -0.00026231892204374007
25.837103336387301, 10.565108541346877, -0.00041722849080764942, 0.0007197116526546668
23.982766205895739, 8.6523130347430346, 0.00016996268719241149, -0.00055955280918856657
37.009504268588302, 13.861912021191175, 0.00026872969267904557, -6.6610146041508086e-06
58.000082966888215, 8.2540921077080576, -5.7909027112207987e-06, -0.00016378511938130565
37.691752951129828, 13.973922494764349, 0.00030477609693606246, -0.00012147828054049064
37.754169960973073, 13.479262805593018, -0.00081505280384667729, 0.0012300392821036053
51.86225918749318, 10.607060829066388, 4.7777879971500161e-05, -0.00062809100257184898
42.663216110238217, 13.628989528876602, -0.00070562693418450102, -0.00017110966726225309
23.866003891195497, 6.1129222866032347, -8.7925727252500838e-05, -0.00014831955405537515
24.773107658008694, 11.078838796031818, 0.00024235159941317637, 0.00094972037463655348
26.724761790681995, 10.864255482266008, 8.1248098947884288e-05, 0.00078661877156696277
42.19666205650163, 13.440560595822056, -0.0012260537755423733, -0.00040967355086864502
47.167429809060835, 12.654222163688473, -7.295419570408825e-05, 0.00059483806044762714
43.023441359361769, 14.298108263288801, -8.6290603683526876e-05, -9.1978885912253936e-05
38.533779206455421, 13.335013538433534, -0.00054922279688207349, -0.00030816064722995559
41.308831188917743, 13.51364363796594, 5.1305647376146834e-05, -0.00012441795215095274
36.265008709900883, 14.030768824019555, 0.00047465899689863719, 0.00047940610034440811
38.83154416243994, 14.234315033536188, -3.5676322208903061e-05, 0.00041766735006640667
60.490640527623711, 4.8584852438693646, -0.00022339480345370531, 0.00036753629640536034
44.254217932889787, 12.545123989516094, -0.00039715055272737036, -0.00074501929975486099
42.637709928443478, 13.265817027721953, 0.00054377447039186675, 0.0010805727851682032
45.734744148965994, 11.700088776920177, -0.00085569319030704262, -0.00092256618158510968
38.32842317560889, 13.316134849819591, -0.00030211036391556892, 0.00087691811273151029
58.272312631797398, 7.437151942003406, 0.000145238930602841, 0.00040095966345876242
45.768650011917984, 12.805191444303041, -0.00020307828249373271, -0.00024534588931903508
33.170325799775213, 14.329073543510709, 0.00094211824928209489, -0.00059318695816991363
44.759912307199343, 16.147738293735848, -0.00071091222453394229, -0.00087795776779638773
24.334772275272748, 7.6307619669709164, -0.00020074822169445774, -0.00022858806668566971
51.669735971211985, 11.479676417330491, -1.6136296476312524e-05, -0.00031010303116870607
26.677463679473835, 9.3520262084321946, -2.0148113561934702e-05, -0.00011867961443061532
57.008142681438393, 8.0836598123802688, 9.0277474396120995e-05, -0.00080354185993000834
55.293554503069586, 9.8901858829525562, -0.00016754097244789436, -0.0001108740253099551
23.130731628150055, 4.3693649022975238, -0.00014574765727084463, 5.8005570063358773e-05
50.275387263175396, 11.588409683660915, -0.00010641080325048104, 0.00023909386124498639
53.73703787262253, 9.7371898178718954, -0.00014967010459075988, 0.00082467254310128251
57.415759242452516, 8.4456844751358826, 0.0003061949521822923, -3.5495587966808153e-05
30.134473530182763, 14.169863418969012, 0.0010478941618427778, 0.00092813562265535584
33.036054086550294, 13.495946637352269, 0.00012504411130204673, -0.00036227054850869304
49.070380063555781, 12.041420249391081, -0.00027609480733410387, -0.00015810357729373328
60.583121808616824, 4.9308453146598472, -0.00023148454722657361, -0.00043090586032511761
51.773103667668927, 11.772632977313636, -0.00023909567036792639, 0.0010703172820122906
60.901449632302828, 5.1613781963711718, -0.00024914236777945977, 0.00011239050481824137
43.073194471995976, 12.957924723305528, 0.00061381488633349907, 0.00026397431219295838
46.01634564661147, 12.567992252387841, -0.00092595948644194083, -0.00034145002953757598
46.790820643849948, 12.91271011029886, 0.00035685597755509248, 9.3463275563048802e-05
48.872434126581418, 12.34528099430513, 0.00047055278367041285, -0.0012118933377903327
55.208625710097166, 8.8378760152205746, 2.3205304043784648e-05, 0.00082463974208355851
25.349646989922689, 8.7729077135967071, -0.00012500209472366531, -0.00012670087422556338
32.386701239214702, 14.166961238132666, 0.00010855310629781025, 0.0010930534952370494
42.778777071722772, 13.131065615144756, -0.00094865538339558261, 0.00058636729218607055
59.260401910898942, 7.8247085416779596, -1.9460215936410412e-05, 0.00012265524274792498
40.581367043136119, 13.168787164827441, 0.00045392653119609948, -0.0006877430460921455
32.466367165420124, 13.954000051248743, 0.0010214823648106795, 0.0010291703896013334
57.302805378084685, 8.8710829796305291, 9.1285983776298398e-05, -0.00019204948809767395
53.005267307008701, 10.821309128691837, -8.5758268816076455e-05, -0.00022492109613547298
27.357933558884817, 10.825194820031271, 0.00022269392010342503, 0.00023766351491428891
20.772444438156093, 2.6079122781421655, -0.00014194623654952083, -3.6468596097040873e-05
60.585596916944773, 4.9248321001367925, -0.00044348942805635293, -0.00018539931445076639
61.102953539938966, 5.4336410326560278, 0.00010904619665058221, -0.0002282502545821046
60.469683986348073, 6.7078923418119398, 1.8058046443510447e-05, -3.4347100867316962e-05
56.104777477596272, 9.3471144122106171, -0.00011191851514737167, 2.2664868317350586e-06
30.869478141892479, 12.823262281028279, 0.000636933442228067, -0.00060995830002229994
58.67773223134072, 6.6054394677511779, 0.00065492239880484782, 0.00022633019989595115
49.678302612023273, 11.231447854342342, 0.00032110606652536848, -0.00080184754671602451
28.140366351391791, 11.19571360809938, -0.00018471216008963829, -0.00018581380284681407
61.593182548950303, 4.1416026981931546, -0.0001291101098768402, -0.00026369416556098444
46.915300862537805, 13.006884440035767, 0.00028281418364776029, 0.00062882407899896985
58.60414404226831, 8.0045402860140573, -0.00013944986098467181, -8.28025901911691e-05
52.059460268075028, 10.857688129122248, 0.00055930627776993311, 0.00027102799723079541
53.983958723236164, 10.004691976818791, -0.00030929001517409331, -0.00026418097861083644
25.757664496110635, 11.086618406156495, -0.00060531789622276773, -0.00044389053491662164
45.578386489625281, 12.992609246347731, -0.00025260888976458875, -7.4656154358520376e-05
61.742833478038897, 3.4271990268509267, -0.00023230843508341247, 0.00025167552043409705
59.910185314276497, 5.8466819388044993, -0.00043335854606295577, 0.00021936489681024924
62.911419072266774, 2.3960868508551969, 8.1419184782539233e-05, 0.00014271379460808971
42.474157448907476, 13.152396155181732, -0.00075874806722000968, -0.00068566079224401111
21.170694788925452, 7.5246828126027729, -0.00058080355895607485, -0.00044406405909772436
31.262503286658767, 13.052502013706647, -5.8315963105462271e-05, -0.00035289110091492825
35.618070621557486, 14.370013631365577, 0.00039400575550412541, -0.00028635083024448486
52.059828549140157, 9.9778152859249509, -0.0007272695762554198, -0.00021798125681405265
24.921161615422708, 10.157227739654788, 0.00022253274441344216, -0.00067051058320633189
26.749887064613155, 10.043353056617631, 8.7094748228605501e-05, 0.00031579042728705018
24.612263757730737, 10.029710385099431, -0.00051693896872892172, -0.00014552166242717897
61.148187052624046, 4.9740349191895703, 0.00010394303136629054, -0.00023990871001891581
41.154945139043051, 13.449933130081606, -0.0003270307184455618, -0.0011017465811326444
24.523633042984684, 11.61229474734745, 0.0007088696761090998, 0.00047656118630040264
56.078370405740273, 9.104352212336309, -0.00036687667466124563, -0.00012434825482625733
38.57953479929914, 13.327488740409251, -0.0010105208904840803, -0.00065376780056450171
51.26975286435421, 10.812427683747762, 0.00071251586402453252, -0.00035284267989952863
28.990512172923072, 12.180805053530388, -0.00021981795991600955, 0.00036105526271645085
33.545957589084992, 13.335912493261914, 0.00015716909489185677, -0.00025140355625238506
53.948381141831156, 9.7689007103438605, -7.3337885472627437e-05, 0.00049854604679600424
47.499786488986594, 11.982962545712935, -0.00055245567449480754, 0.00069623548027423425
25.285865873003669, 11.106660973416409, 0.0011328707905426548, -0.00048473939970946381
52.264621817798272, 10.549827438987583, -0.00036132246363698755, -0.00050967568607444553
40.47730617238313, 13.710407328770746, 0.000441818745414153, 0.00051454488406471632
38.881025507439759, 13.654175145997426, 5.9797000476221808e-05, -0.001009883570517471
30.436575580817241, 12.555506978089744, -0.00040116189647140528, 0.00049402461943156748
28.227561007362411, 10.648169893570714, 5.6276460369357641e-05, 1.8392002778008793e-05
32.729437452549988, 12.926878323005628, -0.0003340180285928283, 9.3087665137348368e-05
24.482206217021297, 6.6158724685842865, 0.00010229421439606556, 8.5131443355364284e-05
57.037531845220066, 8.2427920719712056, 0.00052230815228903899, 0.00017333463944834397
30.218785596647145, 13.399115518794053, 0.00046440887150132036, -0.00079476262580282294
58.289703424030506, 7.4669410568084293, 1.4242799206732401e-06, -0.00016304299414291522
28.680162352009287, 10.483461377848268, -0.00020309588438609651, 0.00016639783595120654
61.664194513759725, 4.1736792925379822, -0.00022796003609340849, 0.00016612774187837974
36.32297493656457, 13.731327653268112, -0.0006692765601748052, 0.00050708789612672895
46.59718775221765, 12.607612337380768, -0.00072530831608025195, -2.7841433967110517e-05
23.923323187457466, 6.4212900569727305, -0.00013038768086276348, -0.00011631948405719321
27.627974119904952, 12.336135745874593, -0.0012030357626383458, 0.000567098507170266
41.082963334512257, 13.648225489097102, -0.00064450136625815891, -0.00035632894776586155
27.503918979583556, 10.417442823242888, -0.00027144604191410901, 0.0002018806228601574
56.08621445700922, 9.2941754895573148, -0.00059533909678316846, -0.00020385122792620372
49.940198566654097, 11.274092462798459, -0.00022202490726514108, 0.00061899012533792161
33.486124005314899, 14.202803390108139, 0.00015125856772446489, 0.0004619172473252492
33.861700323532418, 14.829328313319621, 0.00037169863894813003, 0.00066398988753037257
28.271519328413934, 12.804098637361763, -0.0003811056946633342, 0.00038382947961543762
54.677707354354936, 9.4955402043753381, 0.00078429744368452975, 0.00013482660064140139
47.793621433047107, 11.802750292476604, -0.0010988696502137899, -0.00016727809918958169
21.414814830575029, 6.2957329036306362, -0.00035879595775506197, -0.00027266687820574925
41.961872633733968, 12.94319384926966, -0.00112625493705796, -0.00060865316583743072
52.165083837358907, 10.653641670003678, 0.00062987063169698849, 0.00030649216939227625
27.713533926656208, 11.621335953687939, -0.00025045486593915171, -0.00059152499351424338
30.815385713015655, 12.360281140281932, 0.00013842434570564591, -0.00011778548340394973
61.993501915683396, 3.4856536098111928, 0.00013561297351894717, 0.0002467303765860292
30.594076631333866, 12.03935084931998, 0.00054348733323051289, 0.00035570036227536566
57.290106500673403, 8.2462840156946022, -0.00031324807406947085, 0.0002657766823264601
52.699812393743706, 11.140053466523311, -0.00011018484034174414, -0.000219190175998677
46.728204022394245, 12.465716849329416, 0.00040205287561768943, -0.00073651054261163716
36.357924550000085, 13.142838231871526, 0.00025608586546282817, 0.00086693176796406087
40.124847994626244, 13.957466197939135, 0.00048467125095203167, 0.00048631106644067692
30.88843099875454, 12.014649119050889, -0.00022256574629503823, 0.00018244692968521725
46.257311713105445, 12.910346154631773, 0.00046951763644412025, -0.00061544169885501703
50.715637812459207, 10.894220251937124, 0.00098240193520088715, -0.00050996216649389482
38.600710826330548, 13.736291030276153, -0.00044236602936811317, -0.00056621457302275327
26.40627985187648, 8.5474270355829969, 4.4237133681846676e-05, 1.1221556021195969e-05
46.554721168481798, 13.14821894600261, 0.00013039123187793517, -0.00013944828128811845
25.573491350588341, 7.3481290229651162, 0.00011430250906563716, 0.00013359606016176447
63.4113307585583, 2.7420663989078236, 5.0850683332818142e-05, -3.7976032913428937e-05
48.891797519584237, 10.983935717947839, 0.00033175056205733569, -0.00096250834480752882
55.258097190032629, 9.6104786222709322, 9.7944851136266443e-05, -3.9371470442256258e-06
61.829281969496073, 4.7595265483496094, -2.6445983370627693e-05, 0.0002119906311723884
32.173092485841636, 12.684699200814594, 0.00012477599321455792, 0.00049032416511690657
46.490547608774982, 12.674924439880511, -0.00039793718563069209, 0.00017329546838198103
38.651721333768492, 12.892577026437312, -0.0013077651832723008, -0.00054939031842975096
33.417447556088071, 13.677958049764092, -0.00050839257537197043, 8.1414046377035869e-05
37.992323398789303, 12.95199506417409, 0.00026609295421570851, -0.0011199066206735216
23.19152668127559, 5.3176876885911639, 0.00016178579715592705, 0.00012006917095937389
59.054575097768428, 6.8884564143271971, -0.00049709110326519117, -0.00022515750383424052
24.093319394861876, 10.48755810537631, -0.00061160131053081084, 0.00084272259640162433
54.35076008284323, 10.363937116924358, 3.9289616191659515e-05, 0.00020806722830864929
24.228888376992092, 6.7140111371243707, -0.0001100141725856452, -0.00010758169513605274
50.948007515384646, 11.264918110708885, 0.00026569338196949217, -0.00011385202302004326
50.141342128692742, 11.29182077811174, 0.00042680397507692444, 0.00062898446373545452
29.62010702793382, 12.877303336005079, -9.3970957051366837e-05, 0.00031278194360969292
54.911434869953268, 9.8924330440165722, 0.00017131088151598652, 0.00019404793065231723
32.053404900554753, 13.37210052371652, -0.0006369836367220382, -0.00043272620511669504
53.430604261112762, 10.101199323448251, -0.00047686039123169462, 0.00059445245301557338
63.344217273119192, 2.5730129572490275, 6.5939497226508265e-05, 6.2508845981100336e-05
53.263017011789884, 10.537913440298579, 0.0001759362347770187, -0.00026342883548979189
60.930629598495912, 4.4991829151241758, 0.00020804134123750568, 0.00038628181929977867
37.114445905995318, 13.242005097053353, -0.00038812857344815312, 0.00088509199544388917
51.317156341360331, 11.518789683298431, 5.4013652001038255e-05, -4.1666111643778068e-05
20.818391999639147, 7.9100569945385413, -0.00053477059806516744, -0.00061404903879941949
34.316693978807102, 13.318309360426138, 0.00048637048369752265, 0.00069511608527394499
35.286946078003879, 14.152888879111224, 0.0014786141010685351, -0.00025332187857412126
57.661321017306882, 7.0586415808062286, 2.2110159934760128e-05, 0.00061019876967778586
42.278821707802969, 13.410412154685751, -0.00018130813029289397, 0.001236365563895072
58.937123296952265, 6.7165920939912658, 3.9286112343967729e-06, -0.00055109666474094463
42.512357211570993, 12.886610118298915, -0.0014508617342951923, -5.0349556201836272e-05
61.689438586280133, 5.6406042447786753, 3.3899733691722979e-05, -4.6480284299224627e-05
47.647032033180217, 11.903149873198819, 0.0010846245474233902, -0.00076508866668105241
60.000140489485574, 6.5509083232549736, 0.00033996663679542361, 0.00031675198962371375
53.547022387068559, 9.480383801257144, -5.1845571473375067e-05, 0.00082589191455103021
27.726210540061984, 12.125238970227711, 0.00080163862424774738, -0.00034064938702496584
25.39586619885371, 8.7424154719196157, 0.00025806778489178563, -0.00011247093445505931
32.500364950430807, 13.320832327435852, -0.00011314909298321279, -0.000271807694296131
35.896660350809867, 14.940913313404389, 8.0503707619114588e-05, -0.00023342550113762179
44.645211018550377, 12.417495849806171, 0.00094354600802696426, 0.00053845442536963302
58.285920450844671, 6.6634052603760727, 0.00021848976497580326, -0.00068119682730702498
59.043676157771834, 6.5795446477328525, 0.00050655952893438356, -0.00040866590595126133
56.368215063886822, 8.3315530850962283, -0.00059172426775919943, -0.00057044372082601142
45.731952653355371, 13.04027690048334, -4.0549358040495907e-05, -4.6152612622827103e-05
50.920491093070545, 11.438231311246536, 7.7741868438419403e-05, -4.3202178876177953e-05
34.120238534748296, 13.377100636394328, 0.00021184465094368571, -5.5860246881094727e-05
27.419042638121127, 10.000364370578206, -2.0217979638334994e-05, -0.00030739640164166538
27.699888009021421, 12.588418646849485, 0.00025378587295784698, 0.00094096648621030119
59.007446146013379, 7.6080286828664292, 9.5192675906250124e-05, 1.7229156461242513e-06
37.049212961970859, 14.002610318234693, 0.0006250641859083982, 0.0003788175506860078
29.921722943074315, 11.983714069425831, -0.00053910978767834092, -0.00039109350382718686
41.614938582643767, 12.593063060763393, -0.0011255928397138719, 0.0007094691042144744
27.627547944259231, 12.169745103358681, -0.00078468346130199584, 0.00012179937112823138
52.161073500300532, 11.083237441839962, 0.00058388418184175, 0.00027990524065122784
45.570428697155883, 12.679072931214899, -0.00054852139226010987, -0.00030562340789733216
45.838367549074768, 12.989372357132812, 0.0003749826266590912, 0.00018882408207062369
31.481548770000963, 13.825304406716198, 9.3711316644351348e-05, 0.0011591434574419587
41.681333564334956, 13.327823848677932, 0.00065376012830126694, -1.4478711902058304e-05
46.921703326611734, 11.494757590209758, -7.0573466167392167e-05, 0.001225625849350049
62.705076048290309, 3.5119559237415463, -7.5472329615240835e-05, -0.00018252201489247791
44.388186816465428, 13.244876889887697, -0.00094330022844051075, 0.00070621370502176712
38.49407606540278, 13.472416680711992, 0.00049625452756946783, 0.00097988457715995078
54.064022092384199, 9.499937685854805, 4.1184208833398278e-06, -0.00067394546755987451
61.632623058503121, 4.7246335467253822, -0.00017996340647487364, 4.8275108396852246e-05
50.056724171615201, 11.206207049477019, 4.6825529699501885e-05, -0.00096356030244192331
32.464511677740866, 13.305846296276339, 4.0124933421648803e-05, -0.0011570672960155507
46.387861089492773, 12.66033319326591, 0.00027727725967346121, 0.00020925875621817286
43.849756997309193, 13.346227753851242, -0.00045116760536534193, -0.0012983609840674581
54.534110969231634, 9.4416129487634901, -0.00080121523105486294, -0.00040674235807660177
37.79928198151957, 13.86303560597602, -0.00092743131264950182, -0.00094717879358865911
23.258642385200599, 7.5328118598615452, -0.00025874247132770246, 0.000357258465832729
35.927512740726883, 13.641035412682456, 0.00067283787563854564, 0.00080239757597725227
61.537504216611275, 4.8512050086071392, -0.0001386515369585304, -0.00020769451416545988
38.855741492086167, 13.896590109352877, -0.0001874168726147819, 0.00011286182028401106
48.265172414372749, 12.683822379303958, -4.0453319803907078e-05, 5.1442410460123701e-05
58.403416272238246, 7.0679486273886285, -0.00017786910160439299, 0.00055627007792874157
57.58929120896066, 8.0665760093210519, 0.00027486474137740336, -0.00013982951344580579
30.823328312983207, 12.811960287988125, 0.00047449199157311469, -2.6734003792684996e-05
47.30441180424814, 12.464743040953417, -0.000679996984217832, -0.0004899124246139987
28.128248161057957, 12.882783413838231, -9.6432093835645486e-05, 0.0011570101729635577
50.319354662930053, 10.93404907401384, 0.00096482450426836456, -0.00057385801236636272
54.223538068867342, 10.153699516601941, 0.00014049479421058208, 0.00015178632091231669
23.165172919108748, 2.8329506244175691, -4.0914917140358506e-06, 4.7329648709842063e-05
43.618630326149699, 13.659237846566123, -5.7752814017191522e-05, -0.00026972141800104551
23.610645269713078, 8.4153696562667086, 0.00046685674351695599, -0.00024274973327604378
51.011406763496559, 11.453069132374994, 0.00022012495806044538, 5.1142826801423156e-05
26.492073750469434, 10.044726081977602, -0.00022819445702790478, -0.00024755954657542089
58.962543238948761, 7.8755956096445887, 1.2943785080777097e-05, -9.4336527244279092e-05
21.459627535896409, 6.1882767921172448, 0.0004584568871202066, -0.00020491488681360822
40.070176788069674, 13.806676159678945, -0.00060349467385469502, -7.1261470382572595e-05
26.742056258245348, 10.377889428256237, -0.00019600249648339107, -0.00027925845790988184
56.888411041334159, 9.0346852707595495, 9.5243203303945059e-05, 9.9622819289179254e-05
31.643884416607172, 13.586341140999464, -0.0014662844166029219, -7.8349436081311772e-05
46.770700868453382, 12.680767830028923, -0.00084244725224481268, -0.00031620042051657592
27.318088819337969, 10.582998310046003, 0.00015711431374992627, -0.00014244537563478103
26.943234495362542, 11.662270654619626, -0.0008089728586172316, -7.531767575718034e-05
41.045577484129851, 13.817757975519562, -0.00050860038048909, 9.2777431164850889e-05
53.272001554539202, 11.10687892412885, 1.9274902545286712e-05, -0.0001507813994656887
37.721079523760871, 13.706398704471273, 0.00047520108798296897, -0.00011747537967696758
29.209645046731666, 11.86774753917895, 0.0001931208992791432, -0.00018427455676006996
28.675181598741478, 13.05374843066471, -0.00010787324667024617, -0.00040379346797734118
24.314786813765551, 11.498574160072648, 0.00098292081636872628, -0.00077795088062119805
47.682385560145349, 12.794649733603551, 0.0001162967203386435, 0.00012633430023548575
48.328415893892561, 11.682236614076436, 0.0012769690762414736, -2.6431015651442007e-05
48.642958641206029, 12.162612645387131, 0.00031887215654213201, 0.00044164150688579462
26.841746808442693, 11.634407509859786, -0.00069658574157343048, 0.00070881072567892877
51.369542276899466, 10.746127293735075, 0.00069829495864676518, -0.00073030943893365576
24.269260505924809, 10.750348767837233, -0.0010630210358940485, 7.2071702679288313e-05
35.951183263881461, 13.691132581945409, -0.0010756478155257662, -0.00031619086464348858
42.178166950785773, 13.864126282602616, -2.9667920904723618e-05, -0.0003783959333388467
56.058960325410183, 8.8551280620590891, -0.00051496302569257254, 0.00017167113037069951
57.262712700156385, 8.6022412148417526, 0.00012168966833182693, -0.00039224071151850348
28.317734371103906, 10.772726429070625, -6.3605527233633703e-05, 0.00010462717365113415
32.059027037126114, 13.281341407472288, -0.00019013848895682624, -0.00043456886068138427
32.339126223974404, 13.476293172427521, 0.00032713019498190369, -0.0011121307629538275
40.978676720883229, 13.496369873383525, -0.00034699833394070251, -0.00039119886133875986
62.242444644467952, 3.5326991282717293, -0.00021447269707485707, 0.00011624809601810649
54.942445701236089, 9.7212417484292626, -0.00051165809723264231, 0.00035283953265223441
25.356654719622536, 9.1042046615896908, 0.00023314839353846386, -0.00018326460879741213
31.90873441097833, 12.56839517707032, -0.00025191560022782856, 4.8913334531909448e-05
60.046786471041891, 5.5718467204263806, -0.00022164961401082065, 0.00045024663994340042
38.797418991476192, 13.606198439941828, -9.7439344987478377e-05, 0.0004118542593444486
32.204659899517509, 12.785136650607702, 1.3803417833086374e-05, -0.00044924381809286601
50.643260874828556, 11.614024306873048, 0.00018722552532145011, 0.00027119666240148932
55.079424419250586, 10.160347510125069, 2.9728236945619826e-05, -0.00013706668744441569
55.324333397880238, 8.6175573928830698, 0.00079862448944968028, 0.00028563739225475834
31.625657495060828, 12.923224686321625, -0.00035757175114217829, 0.00020362075028459393
48.345004392048658, 11.998195271005335, 0.00045648252158404443, 0.00096274828959588333
29.349207841524688, 11.583121330986085, 0.00020813667454934175, 0.00024199870457993023
42.131358643866292, 13.59631033184098, 0.00012844537504600053, 3.5954757246537817e-06
44.619642496731558, 12.073143198780796, 3.0253663731640629e-05, -0.0010393045836924349
57.148730929805012, 8.5214425184532274, 0.00010473714215419062, 0.0001452798796446119
44.491885809608206, 13.130794919576406, -0.00059030757863982018, -9.8649357723182765e-05
37.52789972915587, 13.841095379300693, -0.00093787907264368422, -0.0011283693359536366
62.916091444810817, 3.6034621794968298, -1.8534460229224667e-05, -0.00014281690248083833
34.285465793496812, 13.581532483684688, 0.00064464049319404987, -0.00077184491378324194
19.729489063034823, 0.84274284308584024, 7.0599791270446741e-05, -2.1146316832487526e-05
43.405759732566331, 12.752183000067305, -0.00060631747621747809, 0.0011462520553643023
43.005612642476102, 13.452649118404883, 0.00027522811463387919, -0.00069253650831867827
49.355370212468571, 12.122307975636694, -7.7945147171688993e-05, 0.00016940835083929562
25.918744837943002, 11.021891582899888, -0.00067262409073637276, 0.00063067400967470387
25.454299856415066, 9.6957383786930169, 0.00027592562085066043, 0.00024108540677853974
50.252427875366465, 11.502359888248955, -0.00014947802393819293, -0.00046219303373664337
29.539492697078355, 12.925865265110271, -0.001159439046071259, 0.00055585937472118531
42.399422623022616, 11.613781926230367, -0.00030235375219590262, 0.0011925798495400653
31.940180001252973, 12.51369837659932, -0.00064663665198925341, 3.8589221400978347e-05
26.316104226603962, 9.7188004892593991, 0.00017937842110696923, -0.0002387050764571936
61.186452954339209, 4.8573571211118525, -0.00015064983714137549, 0.00033948707593193215
48.249915962070503, 12.394471822964542, 5.3350551641935543e-05, -5.0667746272457108e-05
20.080122865836255, 2.854432413360017, -0.00015423199463947412, -0.00026645663510055606
31.802469073418511, 12.573278136448456, -0.00013733459036713031, -5.3260558301704863e-05
23.408600265572826, 8.1255517742246717, 0.00036528002335223394, 0.00035241874879549014
37.394805825031732, 13.701202158609151, -3.0960236649130132e-07, 0.0010846815992653529
50.516305437119755, 11.775147797626621, 0.00010290351131391216, 1.8032595087361183e-05
34.56277310676662, 13.452162985789855, -0.00018306974959349939, -7.7642916580047077e-05
46.171662352718542, 12.508818000910296, 0.00091842269049555679, -0.00045600071691497609
54.524551991233139, 9.877032609978885, 0.00015033938915441449, 0.00037142350755030805
62.363893377055646, 2.9884956862817389, -0.00023272311393278852, -4.120764164623609e-05
44.54012953404736, 13.089532115577377, 5.0796169082190699e-05, -3.1666542653050097e-05
28.809551916906287, 13.698470493556481, -0.00036996113780997359, 0.00022213545093667698
58.697662097288472, 7.556220334670539, 0.00023500925067469284, 0.00016866367311183208
23.78968394819945, 10.008480976376415, 0.00015917635079799197, 0.00069065660243061429
61.079346043915756, 4.4490353544346659, 0.00010188442848257863, -0.00040543758125336952
37.165447326114666, 14.049995512305815, 0.0011826994449760026, 0.0001730606702416073
59.108217083122213, 7.2300596877170884, 0.00017937657871276697, -0.00016142637083703807
55.954821701741807, 8.4392588855806228, -0.00051575260094831354, -0.00071458555384011245
56.68071076353344, 8.5787770013914937, 0.00065094295539969258, 6.8299481037785401e-05
23.762560807543565, 4.876413983764996, -4.1829453831633409e-05, 7.1667666713591958e-05
31.199489582582789, 13.125900739655506, 0.0006749808424808578, -0.00042748215916625659
23.669837821862938, 5.5167642565978339, 0.00013644034283409628, 2.5772906626404007e-05
25.126278799100113, 11.13547892321405, 0.00048098450157305241, -0.00068078687843187613
43.229176107085557, 12.93599256728889, 0.00024727437776427875, -0.00069788256495935549
52.695735423398695, 10.933711172150895, -0.00043773280510689026, 0.00011068312114309478
22.636396281203581, 9.3342468317093239, -0.00032192292343219533, 0.00081871434560444318
32.457932285022586, 13.50756394390279, -0.00019822829269182992, -0.00039806717188976251
23.76751486919736, 11.005524165240415, 0.00034916382314644374, -0.00087647290807316256
30.119312932767951, 11.782664401917401, 7.0028813204562839e-05, -0.00012278480225872017
25.048175956716918, 10.728107720022447, -0.00072250393316399203, -0.00058066709670488302
28.921121465936793, 11.339452104288499, -7.8421275215336347e-05, -0.0002128638917947077
50.87880062162283, 10.629703000565623, -0.00023586421260344854, -0.00099364889742538831
29.624978861280958, 13.987610432803159, 0.00053403509663024979, -0.0011094702868330198
29.383307314269775, 12.406206572793321, -0.00071760619982026372, -0.00069167975998560174
62.162808968447855, 3.5725450126917093, 0.0002443717773843443, 3.7286808463832157e-05
24.950738602349347, 9.7595668885430431, 0.0010598049719568068, 0.0003232101722673319
35.395744837337446, 13.654067768341774, 0.00044210664033141988, 0.0010878680201673308
25.95376629236317, 11.706673637030883, -0.00094577521920803642, -0.00093288964746597667
47.363644562381111, 12.368703072291554, -0.00020850810511563353, -0.00071410397012718052
51.83418034187379, 10.993244132243365, -0.00027495985326546183, 8.831537048275954e-05
28.960416317931958, 11.809882028295323, -0.0004703143657552406, -6.8508424900397326e-05
42.488352893874101, 12.747483580813414, -0.0013337260954796508, -0.00036789197531245793
36.443671333958022, 13.933022891407363, 0.00075321459589914783, 0.00037069866624486958
19.162615512869639, 3.8746765098349671, 0.00012385381334101896, -0.00041384907752054542
28.595818325287244, 12.329950959717966, -3.530121590571556e-05, 0.00041041273690191235
20.662851908442345, 7.358948082194547, 0.00055432291959206753, 0.00016510377833085207
29.09723095922055, 12.046175561316932, 0.00022455941049244008, 0.00080049168757650047
51.111886736105809, 11.385088367617181, -0.00021545606591809671, 0.00059043858682515454
63.426699869048456, 3.4324974684629899, -3.804462713217806e-05, 2.6086191442626451e-05
57.60574948766515, 7.7863320327265848, -0.00055237477009923959, 0.00029795497119660698
25.198126316717101, 8.6708485231035013, 0.00021297131472476847, 6.5219929501505035e-05
30.49553867323603, 12.987359830606312, -0.00083284015509919938, -0.00057910497413240732
45.806449189172106, 13.035014291386576, -8.7450738717368985e-05, 7.6006265225032356e-05
30.902166958468253, 12.609151911540026, 0.00095453422134652059, -0.00040679907246934916
38.141129395999933, 13.859119346709461, 0.0013008665457332521, -0.00073517303901819275
50.276225425847706, 11.964829635046204, 0.00026620849812302485, 8.8339269502552445e-05
32.626008937395547, 14.070084370474527, 0.0012855074904811756, -0.00072418051078980894
26.773202944363792, 12.324304508759656, 0.00014960021153601492, -0.0010833534195057845
34.84112361864242, 14.515813218436382, 0.00010942109864374855, -0.00056969929734197939
32.863842684610859, 13.983146491352974, -0.00069711024853753563, -0.00022981644633788886
59.204939405334152, 6.009101627835495, -0.00038628741945924433, -0.00053879468274119311
38.813848023307671, 13.703102312259693, -0.00079936220896591106, 0.001148196079816513
36.295472288503966, 13.524125791674848, 0.00085759796635016816, -0.00055444190170285347
24.425150596531402, 9.8022839074275208, -0.00058757202078338312, -2.188620053815004e-06
37.086410726862809, 12.74377427631037, 0.0010054095786933756, 0.00094924935285120127
63.282705903732804, 1.5259225010937638, 2.468527598760723e-05, 7.468086094009772e-05
49.776504995377806, 11.964149284572615, -0.00034851824808856654, 9.1062938041100542e-05
20.073165419216679, 1.5613319891408379, 9.9413728750497371e-05, 8.2135159219028572e-05
34.556200009872668, 13.871878640666102, -5.5492134970253639e-05, 0.00066868637515406476
61.862550155053185, 3.0159081193074848, -0.00026033693068365363, -0.0001794296407348337
30.247917931921876, 11.604642418745295, -5.536622797502035e-05, 7.851033329642005e-05
55.861677556775405, 9.492298572843076, 0.0003158354153453995, 0.00012090945507892061
25.891578063321539, 10.773995061114153, 0.00056083393622213156, -0.0002885413292293595
61.194483635209465, 4.7279816758278157, -0.00034288607579133088, 0.0002685942953672068
21.255872385608114, 7.5680793463858587, -0.00029453602339345761, 0.0007626446674827076
48.946376404730898, 12.247634645463018, 0.0003579325804083822, -0.00027795276549110457
27.706992451321796, 11.873246086253832, 0.00028328601125002933, 0.00088069250996196283
63.976260553578356, 2.2151774839450451, -9.3707709077115786e-06, 4.0524201559364651e-05
31.666947255689269, 12.993323386712191, 6.3122174113514112e-06, 0.0002749698767345893
53.640602755532704, 10.755669230505557, -4.9094191015872595e-05, -1.9250065952915716e-05
57.023169949668308, 8.7624832325680941, 8.0502829714470641e-05, -0.00036068200314007162
37.307823327257061, 13.3736548246235, -0.00017179006281827088, -0.0011270983334551875
20.275629636427475, 7.1947625468244647, -0.00046866871521511732, -0.00021705978993603197
45.855776676009256, 12.758221500253212, 0.00049044062864326762, -0.00096442286785690021
44.857693714028834, 13.488848745279457, 3.3617754779493728e-06, 6.2792627499833715e-05
26.559098789712678, 11.575926828980927, -3.6500916717982489e-05, -0.0001013675477091015
49.574716809946707, 11.970484838302411, 0.00015497008045428829, 0.00018156284739473885
55.401939698293184, 9.7827115914804565, 0.0001584284946616906, -0.00019372036091634735
39.289108982900686, 13.515353868423402, 7.0381956058283718e-05, -0.00013037143585596433
59.811728690821504, 7.1450353931817698, 9.0529338157621344e-05, 5.2828486316850474e-05
55.265444555253417, 9.5983265747964239, -0.00042859838159107989, -0.00033103875882528003
22.626702585803592, 3.5808484591221235, 0.00011819481928081435, -3.7067385932330076e-05
44.3835037526623, 12.359422408371374, -0.0010362274214740961, -0.00068515682138002793
58.316542047326386, 8.1371265977617782, 8.9357137122156611e-05, -7.6068994984571575e-07
32.098276010945931, 13.179450771549179, 0.00029934696562762406, 0.00024852300600507529
42.658192157595821, 12.961550541448759, -6.532966260172907e-05, 0.00087739242048156174
57.050043137356653, 7.5338239558850102, 2.1670596798017151e-05, -0.00073793738981125048
36.930075962312443, 13.975789229956103, 0.00011343153065051998, 7.1874027216972474e-05
53.19633468835697, 9.8105940381322689, 0.00011327464867217919, -5.2307468911024307e-05
50.62072442142474, 11.109235969791269, -0.00014268751197772002, 0.00060137080566592433
44.036963413504623, 13.762154837401532, 0.00051569663877418627, -0.00046246467437655514
42.531516965722126, 13.719501120681782, -0.00033450133355946278, -0.00035690319631346342
58.713957255666543, 6.4733916605393835, 0.00037397962285772019, 0.00050021320563056694
29.533987114914115, 13.584089786887702, -0.00099287444500152059, -0.00096070297544019782
52.144965088602135, 10.8174056689131, -0.00034079228902072833, -8.3096294971539522e-05
34.835957464409503, 12.882211547792588, -0.00024036104952527703, -0.00023749784955621943
28.136105530118879, 11.564940615694068, -2.7046273078916787e-06, -0.00043421146597561394
25.596448638433117, 8.2408170746610523, -9.9676710282955227e-05, 0.00013348076601529517
55.399896112316846, 9.764446032879329, 0.0002311359296991187, 0.00052066754949757249
26.663640297858095, 12.057155104059778, -0.00098234933309347097, 0.00024215554230845341
34.001591227847968, 13.223378644673653, -0.00028350190561028774, -0.00051821784734068011
31.389553143426063, 12.280569701952807, -0.00089438889821078535, -0.00028555966484146054
46.284949696312061, 12.514806716994229, -0.00016607604243982347, 0.00025927650728542842
43.577362562874868, 12.823724537111806, 0.0011171977820210936, 0.00035607036178514768
36.310807449601292, 13.34075383824942, -0.00032807153420306648, -0.00067917304472144056
54.460445273740199, 10.095473899764098, 0.00017885735708808288, 0.00038591132858081589
48.436920881697652, 11.584116415859857, 0.00099114278118822281, -0.00033075453914643317
24.884027213788567, 7.0629724117386719, 7.1448835391427296e-05, 0.0001002532374964938
46.619763695738904, 12.731325878302055, 0.00048212758869190311, -0.00033688355675695814
22.189139041748444, 7.4642089103950759, -0.00029006610055508304, -0.00040069582886655364
60.656925287715133, 5.6612655044775826, 0.0002947245236787744, 4.1658391006498853e-05
34.390950377902477, 13.373492360870644, 0.0009183867719387655, -7.1432917030109756e-05
62.551752212675815, 4.1834799290737337, -0.00014021240315410818, 2.2400919991310003e-06
25.342918973401346, 7.2042499254961418, 2.6298626018869177e-05, -4.2794415880994509e-05
24.000707794966839, 10.17490484508828, 7.5151091729446331e-05, -0.0010159289909271731
20.936910982380407, 7.3356613323688746, 0.0006284060333852044, -0.00037382905532712006
35.328292629209621, 13.85794170293231, 0.00014434022266328735, 0.00050431678288593749
37.811593203478324, 14.323672167533884, 0.0014887161657840943, -0.0002047064313874736
31.243235737687513, 13.485762854743765, 0.00027669621785729139, -0.0010050263111086174
28.889101333371539, 12.18614409532711, -0.00019644305101558675, -0.00070702405808537017
26.619162718084823, 10.29596987703629, 0.0006318334248663456, 0.00033784718303959542
24.463737474604734, 7.8987751322658424, -0.00017898741662264339, 0.00025767816260185186
37.07342577963378, 13.703580050003016, 0.00066876904953313806, 0.00067930493038182978
56.285358601546598, 8.5473268755554912, -0.00018630655841922074, -0.00045658965660615787
45.480060817308697, 13.226887182096666, 0.00010496140897063312, 6.0040524706803269e-05
22.923715806011419, 6.8322481264471007, -0.00026115996948918024, 0.00026775029277810404
53.904897059234088, 10.374076117703448, 0.00017171384158474312, -1.126755225227686e-05
61.836673230598997, 3.456592485315126, 0.00019204119983720315, 0.00024132292504905667
29.589904117577145, 11.180091294480025, -8.3031228410212448e-06, 8.4046667380579553e-05
32.904716009123604, 13.079883843267218, -0.00010763507798808404, 3.014559512762357e-05
45.168181939042356, 12.499511473486484, -0.00040111239982423954, 0.0011505499901171283
48.220030692814326, 12.095290917454534, 0.00018030294175958755, 0.00018457744969364685
63.198348515725982, 0.5765345548158719, -3.2863100177420904e-05, 9.9417312994870213e-06
25.663118717415568, 11.472962422209882, 0.00075995653343895479, 0.00038350861151025678
42.78585628587642, 13.224811498269437, 0.00052425584084052432, -9.2939704801477772e-05
46.044981273378482, 12.746098206842015, -0.00033158373586385063, -0.00031228360313407632
20.79849652817057, 7.1200326308762056, 0.00052636702798170216, -0.00040596016647488089
45.99318235048451, 11.94252218703663, 0.0011054397219912352, -0.00068856032953077632
47.56780177603077, 12.449156068890593, 0.00050143979983199914, -2.7866112972190692e-05
59.675227358242303, 6.7950999221173163, -0.0001259824519064745, -0.00020606517000789745
33.274294822288738, 13.931653386607588, 0.001217439978155196, 0.00057531133249172839
25.451283002278679, 8.6769799481041634, -9.9199308816053347e-05, 0.00019317612117166391
41.113971526924921, 13.423833561043823, -0.0010772467689674639, 0.00029316570571560202
37.601290966671826, 13.398873091776499, 0.00076557655467902354, -0.00067177961704964755
25.445763597267803, 11.581286177690359, 0.0011458355073912091, 0.00030084435126441608
24.168925418147289, 10.698609960888225, -0.00031394616733794532, 0.00087975525485148721
55.454151969621897, 9.9787117795088314, -0.00030944991637025225, -5.0811153439140678e-05
38.320379582869656, 14.057167724473906, 0.00010630694054673413, 0.00073169884141802632
47.845977288816783, 11.445679650128309, -0.00092713989512516746, -0.00027179025740712355
44.982748749763523, 12.903998279406185, -0.00047955740786383968, -0.000802713400186812
45.046099311155054, 13.329404489945373, -0.00015445958398014697, 0.00017991900415071749
37.645109635036988, 13.784816714764288, -0.00057199221274082984, -0.00068714055400434743
50.916136143028218, 10.864935649486434, -0.00014441228633991997, -0.00087046083741886134
21.492554893142994, 4.8618381154463561, -0.00037921771316468383, 0.00011955138737409537
61.875051375918794, 3.0262363203075244, -1.0528964470988173e-05, -0.0003060624521553685
54.156430492474811, 9.7413473378068556, -0.00049180761241856045, -0.00042770784955339686
45.405203260263669, 13.109666346535141, 0.00012256154831283012, -3.8623130583437055e-05
39.266443549525682, 13.721766205362385, -0.00012636122449996939, -0.0003948539457121475
37.701968803518838, 13.606537827693824, 0.00045878506488158721, -0.0011545690060134795
53.043110017756263, 10.62681377913478, -0.00041036989654164041, -0.00029261013030927233
51.568965044343543, 10.313847024581641, 0.00010762696001350665, -0.0010753886296549207
57.863111206813883, 6.8030623878815835, 0.00032193074431432713, 0.00065778003018648814
43.999446588200669, 13.195527150844093, -0.00076714200651291516, -0.00093115745815410846
22.769834918170062, 9.1646602220248194, -0.00080425892506460833, -0.00022761515574993597
23.716773165980619, 11.881536050345753, 0.00089503560069089977, -0.00069826410459592348
51.69676501435837, 11.273962331157396, 0.00021019833192553993, -0.00023259018576359488
31.703969193690089, 12.954139382280038, -0.00015341255238505023, 0.00040792249491677603
39.44308338317483, 14.20379503236196, -6.3443411281528862e-05, 0.00029863712072876041
43.277572215297816, 13.272000648488648, 0.00096387531460931494, 0.00024277884259084039
50.498372811289443, 10.476287431180095, 0.00060375421340777015, -0.001004124084762174
23.977510320994806, 7.6761553591771845, 0.00019358376400809861, 0.00020343970423354133
34.090429609697019, 13.489085931558026, 0.00043981822796726819, 0.00043662241172600356
39.065880299992507, 13.961216013658843, -0.00024417735804068856, 0.00075239287188648776
23.317609458583245, 7.453979665576032, 0.00010231836699281754, 0.00038052579834754025
55.64319888410278, 9.140500150020662, 0.00054636183357769286, -0.0001650779161460317
39.814575199216058, 13.897380739058722, -0.00015045536214899151, -0.00015971499012127204
48.251102817255685, 11.830912913983004, 0.00037564913299996416, 0.00050024362674619676
26.38842746262246, 11.313682387055108, 0.00087109919619351322, 0.00013873820978947292
25.72637978838635, 10.940974606210682, -0.00050773270627911321, 0.00037667157613179865
44.75793501712954, 13.352435646660746, -7.5063134139334835e-06, -0.00069602403780461464
31.716160564816835, 13.561018324861282, -0.0010270059244146417, 6.9282282231907826e-05
49.273845480501436, 11.79540336764313, -0.00053642678583378282, -0.00037729559042728566
46.891616593629976, 11.910074545622571, 0.00093466679779241905, 0.0003857046461224534
28.32205174649971, 12.151165652206858, 0.00066290563277546905, 5.0975808056322523e-06
24.89910722759371, 8.2866325958382063, 0.00022388767006260805, 0.00021293991957983005
62.54083523147343, 4.2743937079855705, -5.8271263423598125e-05, -0.00013219608985443846
49.883965026310221, 12.217596248685801, -2.1834634937487534e-05, 3.9214181610478474e-05
28.595333094413846, 10.404225081898081, 5.3675757782795725e-05, -9.2384472548161095e-06
30.896071749502191, 13.3163249330597, 0.00092893161883819805, 0.00018726306146879258
53.167883442618965, 10.938660715173688, -0.00065660975454990601, 0.00010005159057065143
23.57211274428073, 8.0176873900373344, -0.00029209464699112117, -0.00028492705703339865
33.180951516946969, 12.912490748641369, -0.00013376696838250031, 0.000350024874243427
19.587479121262646, 2.6707632972510065, 0.00026867749713021995, 2.9397329067396678e-06
39.492977068407335, 13.660152696895166, -0.00080087707780792088, 0.00014201335752115783
49.450157605149052, 11.465999277275191, -0.0006997091531529561, 0.00072410119374592956
26.04184380487219, 8.7370095913995556, -0.00017429714229143299, 1.8556640382640097e-05
58.975018086730863, 6.3947599735760532, 0.00060838244841862805, 0.0002989795792963457
49.279155118836968, 11.362328805507451, 0.00074920431337510034, 0.00029748454304039644
56.412812883319305, 8.0175653278398649, -0.00048681951387003836, -0.00050767058353953527
53.512094646235354, 9.9983976818782256, 0.00038804995370238043, 0.00059679442243945537
47.411802671603418, 12.075521861865422, 0.0012711722114335021, -0.00015517181703062971
34.973463499741356, 13.583636146582155, -0.00072274103834273073, 0.0005830483852284151
50.863525535154949, 11.530606409566694, -0.00037561470747307706, -0.00025501316958429935
26.666210693416456, 11.692924399161901, -0.0006485246612508022, 0.00031635530964244091
56.08173278412081, 8.8633794865204329, -3.8629721146816998e-05, -0.00065738405313986047
55.225795875423188, 9.4575554222182792, 0.0003727999755895854, 4.2130658124509538e-05
59.758934574313095, 6.6953524811461387, -0.00020757232265070812, 0.00017690071968586805
48.152069059163537, 11.251673560544249, -0.001015135172643373, -0.00014758989016417189
22.797585414072699, 8.4430560027434058, 0.000439933072970492, -0.00015402156943988994
42.058651873187735, 13.323705432738794, -0.00020821123535745746, 0.0010122112369047493
47.382517118536654, 14.65484350323662, 0.00057751755463757767, -0.00052894696343350265
27.02774126408336, 10.436319473381728, -0.00027104451449388431, 0.00021498133963267175
28.680160685086268, 12.259938599830319, -0.00070802234455899775, -0.0003059490559818818
51.387097087445724, 11.137372426091545, 0.00010029285659418407, 0.00083550079884509953
52.284641205436579, 10.642432565149379, 0.00057050584040860622, -0.0002888507691476677
57.152486321253932, 8.2233812186377389, 0.00056512409826442879, 0.00037927921440600467
56.645579949105475, 9.0939893359954578, -0.00010089710258852578, -9.4178270071285463e-05
47.513154619046723, 12.33141241450482, 0.00027078335396009742, -0.00046581340389838699
21.554148273201761, 2.4298591360817028, 9.3452137752502451e-05, 8.4163461047650335e-05
29.09418899727951, 11.727041561527187, 0.00012326483304672282, 6.9137074474717313e-05
53.722700856603204, 10.475810533062926, -2.8954704992355371e-05, -8.9072246693414954e-05
54.104710012448535, 8.9836344643805628, 0.00033663096587743081, 0.00095418650141492834
32.365345027636877, 13.369302519372249, 0.00029034147942650279, 0.0011363386732697958
44.585073628391939, 12.831923832011285, -0.00069417141795212749, 0.00041740299544241848
42.056695224557735, 14.18132493597963, -0.00066493487157038363, -0.0010740678128176818
33.913734957314652, 13.494032390334507, 0.00035341005498826526, -0.0009504970695972221
53.825326990688275, 10.134635977423812, -0.00068005881926145022, 0.00034010545282495657
48.924170046643347, 12.339940389115519, -0.00012962370261317599, -0.00026336802930016499
47.687037253949754, 12.6126831827084, -0.00016542908325275913, -0.00027484593627004729
22.888048183696633, 2.5708033246790114, 4.880341614329059e-05, -5.0286257785119612e-05
37.000224685159921, 13.841434727219468, 2.416297948797411e-05, -0.00024817444901139863
25.515579371068029, 9.2958631381996533, -0.00024909165852949889, 3.2495065758819342e-05
35.678963213442451, 14.344886992938399, -0.00092165436459474539, -0.001191977258823195
29.285981207627287, 11.981840749433237, 0.00040237549603782004, 6.2615856694780162e-05
60.060087872893192, 7.1185874909328772, -4.505416542427281e-05, -2.8853822558834732e-05
45.267377782898684, 12.620277607032254, 0.00033984162740262943, -0.00098848391804856345
32.973405688196372, 13.55414243396355, -0.00065856492522170377, 0.00061594905254415682
28.211807542906424, 11.031763703899699, -0.00012061142183771218, -0.00022833882890004468
30.858479868076472, 12.300105987917114, -0.00042457271442652837, 0.00038930969459119132
37.962195611598297, 13.547783259054576, -0.00071919849459590578, 0.00083054038887051874
46.435023833163108, 12.718150977890634, 9.5839107735903127e-05, -0.00025169847871823054
47.960403932310562, 11.563252346542175, -0.0013003073580255986, 1.8439278983520656e-05
49.471228762886966, 11.174704212195039, 0.0005635465574039348, -0.0010128700449331441
30.118612401319201, 13.666906591699766, 0.001203647256894997, 0.00020173647679949027
37.470802397892683, 13.617279452574856, -0.0011774204726737532, -0.00082305685206749465
31.863184009027357, 12.702941777001564, -0.00040961153449855121, -1.3880422633138358e-05
27.36224998305546, 11.148297940108167, -0.00034479616536520007, -0.00038168576843080265
24.687672530794018, 7.7461295728840494, -0.00012008108694423999, -0.00019440173217508006
33.007903534536368, 13.514589769496872, 0.00037563669058848499, -0.00021093080514207347
27.480573592562962, 11.250069233410988, -6.9666947203280444e-05, 3.1410426088271476e-05
48.844161347489653, 11.554846000106568, 0.00094410943265815913, 0.00070465969119741869
34.630813832084122, 12.579057350693777, 0.00015002310394697266, 0.00075282166996392839
51.034116692408567, 11.864090919090339, 0.00026608874976504225, 4.8516337739712222e-05
43.014672010466235, 13.294145095025764, -0.00021700031166375618, -0.00029633432898195869
46.156444602181764, 12.937874985893849, 5.766310918129397e-05, 0.00049918961417598203
60.419433146032119, 4.9576835069967915, 5.038192177617752e-05, -0.00044182172188342555
30.105131494159529, 13.181308604227086, -0.00046034653336165073, -0.00087199979280757614
34.470660701869882, 13.264469696965092, 0.00063325989956091876, 0.0003574242650470832
56.850674801126779, 8.8776416207542308, -0.00011887978279679953, -0.00032035701741140788
23.669363346000729, 8.3880158709302659, -2.5203900964346164e-05, -0.00056337956374584322
32.338940087487259, 12.949124530813386, 0.00014158578412951656, -1.8395668783776658e-06
19.858228708306058, 3.553963834660562, 0.00038971853904590692, -7.1494093267349007e-05
25.240783093193535, 8.8571833073985484, -0.00023821247259240197, -0.00013186957358852445
39.788252009126694, 14.037135146087605, 0.00021277335925907207, 0.00042719838707275666
60.338613458854468, 5.7915444039168191, -2.3580482171032571e-05, -0.00029340749030800918
56.953098835687008, 9.0368523363425446, -4.4867524684952863e-05, 0.00028403236607847573
53.713721979454746, 9.6762784371776576, 0.00045913855290590324, 0.00080192393749630667
53.359662276524901, 10.07403370949341, 0.00014210170952670508, -0.00043832849851922843
36.36171299693892, 14.196716321803356, 0.00084548795408902406, 0.00092779848870172966
43.338540412291408, 13.342965180563251, 0.00011555451066891781, -0.00012050500219796467
32.998040816837943, 13.320255805633927, -0.00032153347537028083, 0.00074185694509333003
53.167886948122906, 10.655988234487516, 0.00040757380628696048, 6.8505742983113532e-05
56.830682352417227, 8.5848903737402811, -0.00019901509672753517, -0.00038404451836430054
27.033483259323749, 11.168981774782845, 0.00033653305018839638, -0.00025573177989373172
52.151381871657861, 11.17069527373153, -6.8467831982352139e-06, 0.0001134268529796485
34.393740233952606, 13.58126972432868, -0.0005103276152585122, 0.00022209873906777009
26.741858619110499, 8.8405717118008056, 4.4824498589730303e-05, 1.0627362378340246e-05
32.013701816792, 13.677273683109139, -0.00051957653923957801, -0.0003860155178053346
49.025338715129877, 11.323868345533542, -0.00035353874282734746, -0.0007221477730752178
34.327372927443861, 13.58381362143548, -0.00015233689635508151, -0.00024886397088428941
37.233280999289093, 14.641037353730235, 0.0011363623944822545, -0.00041024471672474215
57.253122883007805, 9.241037581554572, 1.8097837054110334e-05, -0.00020110964289542189
19.447827074291322, 5.7998958244091128, 0.00012032530808723394, 0.00059321586254973521
35.213816334591463, 14.166663297108531, 0.00016802545718353737, 0.00077737224950223248
47.278682727750784, 12.560242941654442, -0.0005536836210106173, 0.00017764841318761374
39.806782811572219, 13.340749525644451, 0.00072307784228655856, -9.1295474724589946e-05
42.257915999223982, 12.60943899779301, 0.0010207075298643586, -4.0031390861408096e-05
32.863552797492417, 13.803743533904189, -0.00039848203598211607, 0.0014874910465655499
37.201074290799141, 14.158236305085996, -0.00047978320995507786, 1.78145330260281e-05
46.776541386794925, 11.825886418499456, 0.0006342700790531394, 0.00092976435509688768
24.50945221863341, 5.5871933128563374, 3.6183729180154221e-05, 3.1377392338511385e-05
40.063049956456261, 13.479751876050006, -0.0006349833651680941, -8.997325604930089e-05
43.339657074380753, 13.567795509453884, -2.186207731405595e-05, -0.00074690428025178874
57.497748531045332, 7.4762082753174406, 0.00012861852858362608, -0.00074441532032386152
42.623799859034385, 13.22163333668921, -0.00020427595792249558, -0.00060545998909988276
58.807373876851415, 8.0749964932962577, -0.0001393599075951893, 1.9002065827641632e-05
58.759402494403922, 6.2968230170501984, -2.7077888124071313e-05, -0.00068377247906113909
26.290171092994374, 13.021492061812468, -0.00043128745352016536, -0.0010043809512498511
38.471965055393753, 13.502787473954982, -0.0012426775972988857, -0.00046630491382953034
40.773624623635861, 13.466584409005327, 0.00097808860094327301, -5.2291549271425528e-05
44.224120247708044, 12.855487005582901, -0.0010379243193295992, -0.00036676639381067399
41.27827074264097, 13.77216031748881, 0.00054269570604759544, 0.00035809847942132653
58.307405513341884, 7.8039199602123777, 6.3068337291345881e-05, -0.00035612104784152457
38.615957854956029, 13.087349095358316, 0.00068006088553725216, 0.00014132401485962966
39.941916494190266, 13.196319199067517, 0.00056111207202133367, -0.0012648169076847819
29.964625397832062, 12.173269553779127, 6.884832417640862e-05, 0.00027457931935456992
33.770117364712654, 13.193903551238709, -0.00057803725284026304, 0.00024528858084825429
31.352280752075313, 13.393587081001353, 0.0010932829649636497, 0.00071111931105975604
60.638102704071045, 5.7545850466216084, -0.00012372284669130143, 0.00014779989539223022
44.3950894420298, 12.37370034811989, 0.0004051122321381099, 0.0013299417264154183
50.598061055640493, 11.151785944510371, -0.00069717604753922525, -0.00051270306974422471
23.320518361226743, 2.3751735654706168, -4.5082966777468498e-05, -2.9948032420392886e-06
29.634173898224969, 12.702638760895818, -0.00037052640849906398, -0.00071874206102257813
33.304786477899817, 13.305188823522418, 0.00011051306233656147, -0.00033971448592055945
19.705712986432868, 4.9217599458640748, -0.00045258932547920846, -0.0001871533319792553
26.685453735190194, 10.685927267786123, 0.00027461278966968119, 0.00020849483967172249
24.024453229911408, 6.2908252270285887, 0.00036700447569945854, -0.00010788127554694705
43.938110803951275, 12.851190006945483, -0.00042575216557740411, 0.0008440604730307335
23.410322337810975, 5.4444620728092694, 0.0001560053472797222, -4.5713221214816736e-05
29.821996052177436, 12.188757374504258, 0.00045765532113364421, -7.9448449829453189e-05
29.964893855411294, 13.382370206486248, -6.5125663741858063e-05, 0.001034783021463272
55.400140224219172, 8.222800161381107, 0.00048752333189233898, 0.00079487923057411033
59.063092395897662, 7.5024321735029398, -6.5459660319025395e-05, -8.3196704325953172e-05
59.667690174452424, 6.488585387226383, -0.00043638784049362624, -0.00038642438778175231
60.046809824467481, 6.4277979029400214, -0.00016676919015547268, -1.2018628576533e-05
22.221798884849029, 4.32199784415082, -0.00012190665606273964, 0.00017723196086061343
44.025078230634534, 12.777814223703487, 0.00087029924126202441, -0.00086980885078634298
47.350252822570184, 12.511898549449006, -0.00046971076986737718, -0.00030605335300030643
30.497895315053114, 12.063037721641169, -1.4917726222676812e-05, -0.0002171950641783394
26.496935581647957, 11.083144444094247, 0.00062170051019887554, -0.00011766608238237251
44.357050914906281, 12.910782213430091, -0.00069444861838348045, -1.0910746987885785e-05
24.183925658997602, 9.6326105756558373, -3.964582747203694e-05, -0.00052917844478926482
48.269870242350322, 12.512458357662771, 0.00028969918394821731, 7.4932704100607334e-05
36.729350987088935, 13.92363412012563, 0.00049370438280070907, -0.001043161590252098
52.569163465993626, 11.408292992068727, 0.0006035790939306916, -0.00037532880469313702
37.701725500783262, 14.002110625196146, -0.00051821772219634121, -5.7180586026066308e-05
54.074123898947818, 10.137731220385035, -0.00042435647042657289, 0.00055702829626709755
29.316962037265917, 12.771550995105656, 0.00052447647517476809, -0.00062402524402995732
60.324295669227205, 6.6810136003300764, -0.00019666829786346761, -0.00011342624170522187
30.121994253308319, 13.132096388907733, -0.00070247095397998969, 3.9889226932164782e-05
53.23362392373545, 9.8859686523238537, 0.0003473016179468101, 0.00018753557775391894
62.776550937427068, 4.3061287588851878, 5.8000306137099851e-06, 7.5683675759752518e-05
33.777704471480128, 13.723925031613659, 0.00031732521210947118, -0.0011373212123813169
53.468164259546313, 10.844975038499873, 0.00018892155555870805, 0.00011717367026866045
26.597374816548502, 10.12009304663597, 0.00025364476533236809, 0.00020610520846016058
46.76152408075685, 12.502075131037596, -0.00067055925995994131, -0.00047688877026315265
50.759690293989109, 10.801300365111073, 0.00034583646372407008, -0.00093955261866174604
38.124962260535952, 13.695652754161602, -1.4540048185613895e-05, -7.9190702479688344e-05
32.418097338517931, 13.485743323813947, -0.00053709868661251214, 0.0007476314461912142
37.657333698143965, 13.570403636309033, 7.5184940116292259e-05, 0.0002219646165452648
29.008410562764247, 12.077265137070285, 0.00026216742999106695, 0.00037677358987587081
33.323825212750762, 14.072209285305194, 0.00047566093391555864, -0.00081855991441917553
58.712934434639429, 6.9404617183883861, -0.00046015561897986537, -2.5641047845683691e-05
24.253876398814047, 7.0899767925506278, 0.00022132648744867245, 1.7381865040989118e-05
59.659719829849465, 6.0602632585370637, 4.2604403927265341e-05, 0.00055653352619086205
23.691635575471373, 5.291117381685047, -0.00013037220334195595, -5.8256725611426731e-05
26.961189759278025, 13.331911704496052, 0.00040202696578429693, 0.0013547435248433828
39.827626347669842, 13.345046048725274, 0.00016540562708981777, 0.0005723203522363503
21.473142010098126, 4.1347665834549279, 0.00036211191514598441, 6.2265857925037491e-05
41.779070449554226, 11.477419644142969, -0.00023326912126128246, 0.00015133907972357747
61.742381392025955, 4.2757237623244846, -0.0001762220767109574, 0.00021157710511232285
50.188076231241666, 11.383678233497342, -0.0011378469867048722, -0.00011721429438611594
55.549892304908745, 8.2428789338624693, 0.00077433087412335177, -0.00039574375354071989
49.707023171045741, 11.491509357361728, -0.00022828272530738122, -0.00053423949686891368
38.006132930270972, 13.938801303436598, 0.00022519819186795899, 0.00030367078673269264
47.100703388176221, 12.743484045044223, -0.00028423771628387028, 0.0001754658831232161
59.952557504303122, 5.6547323950050234, 0.00013715077394414616, 0.00023249483842833211
56.360885312892087, 8.9122071286899001, -0.00040832254782700606, 0.00030689759351105984
63.635861374976379, 2.2211024151095682, -3.2006837620887505e-05, 3.8667255980644526e-05
52.848092059163243, 11.162111625319566, -9.5183215557316259e-05, -5.5655372404117324e-05
52.453464607584806, 10.522900761437079, -0.00088518125773263685, -0.00042138250511274193
40.040885153929281, 13.341690664224693, -0.00051031768021649439, 0.0011524902244641057
62.290927990191442, 4.3068424292332317, 8.4402787771693496e-05, 0.00014471628680766334
37.310029714974064, 14.272425365462771, 0.0010493318984456843, -0.00060708789339500822
56.813384082105934, 7.9835237373544903, -7.3027250935036087e-05, 0.00082606397264702524
23.503519629782922, 8.3573965606835969, -0.00028354968129850027, -0.00038633069301819068
60.280493729280941, 5.7334561261618973, 0.00043458702463880793, -0.0001250374422478995
57.868141348212752, 7.6737195141845378, 0.00017778972662332903, -0.00041658411385441652
64.059762992513626, 2.1967354428471872, -1.9953176112133115e-06, 1.251872723041614e-05
48.362074639130732, 11.526773149718455, -0.00061480340096227036, -0.0004426805833390744
46.753086240283949, 12.039811770209257, -0.00038234984178255689, -0.00090277399650321507
62.113352216003612, 4.7180078075147653, 8.5926261250019614e-05, -0.00013983334530226493
48.900311853723593, 12.13820759091659, 0.0005977908604350283, -0.00011558411951646822
48.138543061386073, 11.914154180284775, -0.00058773062909455169, -0.00096559295696581153
41.053529515512068, 13.86222803785688, -0.00043159347439107566, 0.00061931155753773581
38.367796351447659, 13.831542741940495, 0.00011044343636862365, -0.00014938898156336976
44.368357654397037, 12.867067116865746, 0.00081634470534710385, 0.00074951857520312148
27.512855947147322, 11.35789880072941, 0.00033620703265633547, 0.00019523561844229801
31.760661905101546, 12.585986489470427, -0.00028412126650419125, -0.00017015575015995291
53.562192581682559, 10.271353874614293, 0.00048778215550242233, 0.00063040642735651381
29.437771188857074, 12.149742374805617, 0.0003676705885324352, 0.00041041575646834686
25.732174411978885, 8.6080696130959318, 0.00017769849076114646, -0.00019452334650344204
30.645371020290504, 12.831911076723117, -0.00079764036526279859, -0.00039974678613293401
35.441412262553499, 13.367889624758606, 0.00060416705933915096, -0.00086268005051630425
52.987770345805593, 9.762970250519567, -0.0010141994192157135, 0.00023566231814509852
31.669665871497802, 13.245880560024627, -0.00061919425714118627, 4.6177609555830263e-06
32.297867536007182, 13.522516800297657, -0.0002455078808425847, 0.0014359808279344752
39.667172357377929, 13.575128190225373, -6.104457761155427e-05, -0.0013060621961964566
54.681010980761613, 10.329590458573362, -0.00036501065956671703, 8.5615882162578266e-06
34.813034170198193, 13.55615646759713, 0.0002296993088952227, -0.00030888627926227332
31.340696150068052, 12.641015817175694, 0.00024393292254313239, -9.6104500713006119e-05
25.201216482844298, 8.7202934890935975, 8.7415529230456485e-05, -0.00025177893751955242
45.026027398470482, 13.051076015246297, 0.00017724115801026014, -7.9020329980079677e-05
61.023883384556164, 4.4667955472065914, 0.00031466787152246029, 0.00031431602071917077
60.827277081340924, 4.9025570185255232, -0.0003497092945663788, -0.00028600535678705046
53.838320223291404, 9.8331639592636275, 0.00022106980876755879, 0.00053771996317432554
23.053133920369074, 6.3902281420781577, 0.00030410934548556431, -4.1995127018763787e-05
50.696871554768798, 11.168697376305454, -0.00020633641901203785, -0.00072440811536035631
22.741855771977864, 6.1451475818842454, 0.00029028556201323347, 8.7382550682189029e-06
38.683143940723994, 13.576057106821555, 0.00028717747420873544, 9.5930808749373594e-05
44.248387039398224, 13.387822410565397, -0.0010813444155631821, -0.00020412369886658034
24.798166864083214, 8.8347353227093652, -0.00023917087460793667, -0.00012711970397467131
31.228603233935896, 13.232848492427113, 0.00056146009953220047, 0.00042584401239381621
37.095826152595698, 13.75477373411232, -0.00066778947668415592, 0.00025043722836547253
30.569640353256517, 13.16556174343499, 0.0011913562855827371, -0.00040634296359391524
34.475447420099741, 13.160986863157461, 0.00056702265753919457, -0.00035182078655783148
32.064270131617242, 13.765563141615921, 0.00012351420748127668, -0.00062796623174950846
59.712900754804821, 7.6472319371477919, -9.7187677541386958e-05, 0.00012883755061158307
31.770878335555444, 13.691172945358286, -0.00054811321772644508, 0.0010512604466938204
47.857853817660775, 12.036362267721938, -0.00061705383543336214, 0.00014555441455084899
42.864666458708044, 13.054104328295265, -0.00029215367342873505, 0.0010385853581408359
53.107947883798808, 11.181908008359702, -6.5464713572575354e-07, 0.00018657764873725253
45.378990485918216, 13.659905926718636, 7.8823778988942444e-05, 0.00035735982701694187
19.890052226577648, 3.2505809329703714, -6.6416024728556858e-05, 0.00025485240867648796
37.291609598353084, 13.578003716512903, 0.0011417985263242501, -8.8761310178525767e-05
30.839262736957224, 13.095520985963256, -0.001217297917780239, -0.00049139043235254306
29.24998538841777, 12.218988209901886, -0.0002721398510158257, -0.00031864636322136825
26.144915133005274, 9.350833894160905, 0.00016249288800742446, 0.00025145835928064986
46.965633189201107, 13.108072165333448, -5.4636839469159703e-05, -5.1089216108801527e-05
51.010025284545513, 11.637075154781057, -0.00011287081140965103, 0.00013558043556685808
60.279305272671252, 6.2012473409844961, -0.00026090652234983329, 3.6608806150837395e-05
56.584207058786653, 7.8027291762346991, -0.00023750126762629584, -0.0002427043255681243
34.973630974351387, 13.650220905759539, -9.9858187103465457e-05, -0.00017909293916751586
37.087977528751971, 13.492356139488226, -0.00057926667465111746, 0.0013306482107249345
46.836049292008532, 12.810641156559054, 5.5098296884554701e-05, 0.00024606900087449581
44.950489447486838, 12.79313103998861, -0.00044030767914076828, 0.0011808444061391652
53.729428806079198, 9.4364986961055166, -0.00015520950713281378, -0.0008041350474319621
21.689168567853514, 0.77434225668469248, 4.5658055691494536e-05, 4.7120365664838974e-05
60.965964075825269, 6.0784232709565913, 5.6373483878964414e-05, -0.00013392874036809277
50.578392754130753, 11.250768969045213, -0.00047814938176721824, -0.00089794312752939298
57.389941576769061, 8.6632048987351968, 0.00013530851656555666, -0.00016743887118175611
35.095708331961937, 13.304450195394287, -0.00014516369668350252, 0.00014469141299675337
35.074520929093097, 13.178109801796902, 0.00047049430611852139, -0.00028679029812478217
48.613565250217114, 12.328399495146634, 0.00015280700409869984, -0.00014452063039698809
58.21252510042823, 8.3670609107292275, 3.9295912833233517e-05, 7.5122362395321058e-05
52.468369220528302, 10.299433591647327, -0.00091077714476680855, -0.00019183557716137399
27.574847898564368, 11.80183897647774, 0.00084543978760621226, 0.00049095032723580701
43.692119188593992, 12.836763153220669, -0.00082440039154176145, -0.00043050145755836903
60.226352134061194, 5.3168051014225401, 0.00015375807682029558, -0.00048720725444080764
33.683175185251876, 13.140677221843507, 0.00010363344169433672, -0.00015878914524024144
50.981646927877087, 11.664186826941638, -0.00011145236762240111, 0.00020514494751779585
40.825311213384275, 13.338557733935636, 0.00018123171629280725, 0.00015301875963504998
60.658703592875789, 6.536018730574976, -1.5512608467417364e-05, -2.7259479885335982e-05
55.713378449360867, 9.7351126837379951, 0.00015961530116040065, 0.00061910988554290643
27.844299937531193, 11.602236561998962, 0.00045197739548741761, -0.0003954043383503437
42.586262443613364, 12.013344018329944, -0.0012373412271594621, -0.00031734442770301526
61.486007508700006, 5.0632891914970468, 2.4319661388842597e-05, 0.00027904963822543584
47.690711665500807, 12.515933549481176, -0.00069319119483820472, -0.00048925915678216855
43.741909885508122, 12.880469941202902, -0.0013332347150031142, 2.5768871917444175e-06
52.719017155184709, 10.730131878058332, -7.7574449408799237e-05, -0.00032305195622747576
25.131973754588454, 6.905472352961751, -1.2943688935553516e-05, -5.1751772841167154e-05
21.735299354004738, 6.6062782542191831, -0.00042883167868789024, -0.00022027754785876587
30.546911661461593, 12.489906289910314, 0.00017676672275021953, 8.5421254473647836e-05
52.049388888115715, 10.942402067239556, 0.00030172290438026033, 0.00048626599683617398
41.04646082694186, 13.364522451842095, 0.00045617610162580465, 0.00025397289568312542
61.156089144957654, 5.5017701261005483, -0.00011054915575630725, -5.2660747579431872e-05
41.29660488585111, 13.214480617059262, -0.00028854082529678967, -0.001224385542910388
43.41167700796823, 13.321567550946799, 0.00015169867188106188, -0.00087887301856433395
56.018466156288035, 9.2910731449408637, -9.3800557873655139e-05, 0.00050638906295912922
40.918943238914864, 12.34647540794764, -0.00027819342602235101, -0.0011167472323247256
33.017101621298778, 13.249622684617798, -0.00057198312506040417, 5.1970987057139527e-05
62.44901616201566, 2.8880425285240316, 0.00019897866810099409, -0.00012265083590640114
60.348935781678996, 5.6396550875224509, 0.00049820272429485488, -0.00016321550811694178
35.954418544009009, 13.390494593490134, 1.8020495184613383e-05, -0.00017118151795288082
30.05116206972459, 12.959044947559894, 0.00068816085491663146, 0.000611712028626078
19.693895377149776, 6.2686117990099524, -0.00040562030766857642, -0.00014986246524748196
19.211238588827726, 2.3810157004813313, 0.00024019293181701582, 5.8979229247091727e-05
56.100367776739603, 8.7509783044804248, -0.00012212845600052721, -0.00033278746985118283
59.320753090833918, 7.1384332306031562, 0.00024374957367931008, -9.4404317724301634e-05
21.621494351484287, 3.5929633358991171, 0.00015536682561753586, -6.5498176823551178e-05
56.418050978612762, 8.7842415804394687, 0.00015612420860354251, -0.00042139572089113891
35.804269952062768, 14.126339881865775, -0.00040815492330657598, 0.00028574982395239694
50.260272299555986, 11.517635646635769, -0.00039120915941639404, 5.3096466399183029e-05
50.459045259167482, 11.503608235726441, -0.0001766981215027686, -8.8306505671552392e-05
53.092661805375663, 9.8492145138803586, 0.00082822381978157487, 0.00054008880371782459
55.557144426509261, 9.5273326082601884, 0.00059246614801031347, 0.00021009161491236861
58.07108735577048, 7.9804995105514438, 4.4770488442495997e-05, -0.00018404079787142204
29.368608358940705, 12.772309069097005, 0.00010443084770276127, 0.0010827016377031988
41.965165368043799, 12.728006064884854, -0.0012035149166577544, 0.00034008545465734824
45.23836093808881, 12.088546973927505, -0.00093221112794492403, -0.00042099458506542352
27.347637984873572, 10.663553469503336, -7.0350433420106814e-05, 0.00034065056345492834
42.399378223725961, 13.214906411360724, -0.0008974396249653942, -0.00045236881691645227
28.314495952309127, 13.06101865350788, 0.0013617653881614253, 0.00037232008056019809
58.974672882803823, 6.6811191768094238, 0.00023196433437103566, 0.00026732062981160124
35.655039734414586, 13.675949358156881, 0.0001192462443301819, 0.0012722548753821318
44.080556907389941, 12.657595301240239, -0.00043890137538783318, -0.00056054408752780863
49.721504120857851, 12.091636262834164, -0.00043524139020704918, 0.00029733341738321441
61.59852500154669, 4.8947679073248889, 6.6907878433103846e-05, -0.00018464216339037883
58.546413468718427, 8.1047083308407863, -5.5991990709511762e-05, -0.00019259929263289329
43.950987918063461, 13.411751142056117, -0.00037596957687157382, 0.0006142474781125972
27.714771051839875, 10.629853611800817, 0.00028693520929876998, -3.0476702600952821e-05
22.277184278737025, 8.4721819514631509, 0.00080971297140562974, 6.9541760688354229e-05
27.584436836787447, 12.368821882260216, -0.00070644047869654878, 0.0005906483736681119
61.571552230455026, 5.3355668334105326, 0.00018355845062906049, -0.00010648200566021918
36.719676738423061, 13.870486527417096, -0.00089899403814083236, 0.0008547072418951245
53.403580228465053, 10.681419793468802, 1.7088757095890344e-05, 5.90190400243935e-05
26.214534048327479, 10.338061055196365, 0.00024878902969702508, -0.00063661092570688692
52.150299721972608, 10.297011973072495, 0.00048908943651918436, -0.00078084192269640973
58.659819463787365, 7.8298099323012895, -0.0003200062833994864, 7.3222013535333686e-05
46.199031625065416, 12.959921140379278, 7.1662482742434981e-05, -0.00018883527450345636
58.7136683591024, 7.2570555264924002, 0.00041755902302019276, -0.00020193508090266907
36.246275857587626, 13.762184272992751, -0.00015721430143083055, 0.00020216305272820659
50.222968743756248, 11.054628355250967, 0.00064613609874558816, -0.00072827199454470967
41.574194244461999, 13.321233241777653, -0.00020388703315168309, 0.0002186410926508579
31.052044313103096, 13.232507179834066, -0.00013754347045110698, 0.00033477574621195219
41.088960296348944, 13.703406189447094, 0.0006083088307704983, -0.00017744334900030788
28.34766749448773, 12.019783729830513, 0.00064349849351901542, -0.00099729415146152228
61.89861438826378, 5.2686067798127434, -9.1971551988664715e-05, -0.00018327447140910666
40.558606993757685, 13.827536940151989, -0.00031229646932699675, 0.00052694686973129938
57.946490422992802, 7.5450930345789606, -0.00036599335794399823, -0.00055465483843052533
54.52088106662044, 10.264931446061615, 0.00016852521646374134, -5.2856369771578371e-05
39.196710028159053, 13.656745665295164, -0.00020124072732123977, -4.4033597007182633e-05
40.885679235118772, 13.152283118117492, -0.001352881821890468, 0.00022022671543465357
41.245916224160332, 13.376391843563367, -0.00034799832379125349, 0.0010791726518205379
55.068900359018748, 9.1067263914997003, -0.00043494352001465246, -0.00064403492191056539
41.885059886047188, 13.664523393414202, -0.00018405591615546169, 3.4247526475373469e-05
40.59673233466151, 12.953092908362111, -0.00094769913211660908, -0.00038232100540221641
21.090946952519175, 7.8277088548599423, 0.00068668622931775743, -0.0002599277111079958
41.86194758078296, 12.483234306754978, -0.0010424545135969748, 0.00037777383308884913
37.397340251434926, 13.551381197835878, -0.00037140639042992511, -0.0014304474235060309
50.148914629537082, 12.231790694457743, -6.8091071872429445e-05, -0.00015881890090207622
27.498921405556878, 12.812768359694005, 0.0010780750083502072, -0.00043753433479088404
30.327667096684937, 13.366005593107438, -0.00044584217759961807, 0.0009881698823713612
56.756597164374227, 8.5365274534806499, -0.0005330277831265103, -0.00010227183490453517
50.649763616475894, 11.971654162861903, -1.3718322391742944e-05, -4.6773408520116058e-05
