35.220636324408332, 13.434546600361072, 0.00027166332986929904, -0.00038703435188102613
21.851965578473212, 6.2770025522101571, 0.00050142861082808662, -0.00015504143173994755
34.000465561164269, 13.766739433930686, 0.00020158273874637143, -0.0010008563792948391
43.354751414706563, 13.404050304639997, 0.00085290636421975663, 0.00039835125560814681
36.937381897950601, 14.059921661318603, 0.0011959101296865071, 0.00075832646837309978
29.169340057824563, 13.427493055678021, -0.0014410631964907339, 0.00013347079647622575
39.893982924961243, 13.913778558196791, 0.00027779841733134732, 0.00038671094436113011
21.793550280395682, 2.5069979996680258, 0.00012858574626557583, 6.9634219616081876e-05
29.245486048265988, 12.553602942507114, -0.0010420250608471427, -0.00012384979406440604
50.786801180364833, 11.203788817474909, -9.4826918001251977e-05, -0.001047566397256579
58.079537143281698, 7.758629388089151, -0.00032764660023647078, 0.00063157272780888147
55.627836744604259, 9.6186707780279566, -0.00039201451549900187, 0.00030262949903602768
34.804622077256255, 12.060557005586723, 3.7150353129178136e-05, 3.6903048539829812e-05
60.846696968644501, 5.7269014569692231, 0.00013005309175282356, 0.000334375174669938
31.004236906141756, 12.934148456636251, -0.00076145538715450634, 0.00081854698095347586
29.175598015975872, 10.891995909743137, -2.8793130577103919e-05, 5.2719554083122714e-05
52.079860667244859, 11.378991288615429, 0.00023387039511796784, 2.6463928791841201e-05
47.97333769450492, 12.4493486298073, -0.00018026052106562905, -0.00038152868871055968
38.716869692872365, 13.71916201907764, 0.00036392361896776809, 0.0013632667655045692
33.322591310539686, 12.513357604353253, 0.00013003932615412983, -7.6031612474295257e-05
61.655999576507575, 4.7889610525967452, 0.00029264869104242799, 0.0001952169431574479
47.099356305343633, 13.128058857172483, -1.9986164728467501e-05, 0.00039408418629323155
55.30099813554142, 9.0794012489791402, -0.00015956100461605175, -0.0002038028155299015
44.011281893801382, 13.917797832091241, 0.00071508126905643512, -1.859443624039855e-05
47.057203400093314, 12.131364429358879, 0.0010517664015020178, -0.00030207309533873678
33.269909589427144, 13.743389102522148, -0.00081160137646786828, 0.0010718819429945412
53.191884635466259, 10.519077101144271, 0.00048185497631176162, 0.0003390805191355276
26.18648973185876, 12.732351830830757, 0.00087459457360979467, -0.00069331130403527184
45.546634465802995, 12.799810145962034, -0.0012895815917278949, -0.00014347486813954665
55.064472063514728, 10.051575373079865, -2.5306340330658438e-06, 2.458844752875726e-05
30.89961604772477, 12.77084788445543, -0.00036447869124555109, 0.00062142504039678812
59.555580119377282, 6.8065279658178826, -0.00016294985429917528, 5.6033285744473104e-06
33.162084432252598, 13.553671454789423, -0.0013297928617464609, -0.00030482432861305352
48.964667329510029, 12.869914782193105, -5.4676391408026348e-05, 0.00098464215611438681
62.21981745251054, 4.9610620596040667, -0.0001563922160834403, 1.0324500637782539e-05
26.436842490804512, 10.937137864250628, 0.00015406273109489077, -0.0007846235546303303
62.538396522319751, 4.84723504909444, 0.00010779709217132699, -0.00014996768523690396
45.180007382996074, 13.174094535739762, 6.2937021513692897e-06, 1.8099435597032681e-06
46.354149967173456, 12.498379580671195, 0.00064696992575162776, 0.0011484025253737057
34.645745942772727, 13.450499148673726, -0.0013862696682605438, -0.00014725676192456911
58.827764349661841, 8.1908477816925291, 0.00016422038378400826, 0.00011576138194848535
56.569988458222525, 8.9906862237203029, 8.4181698718039549e-05, 0.00043743686413995168
42.654255421316371, 12.92103229932472, -0.0008012485531789426, -0.00049877620134127355
20.873095557878845, 5.8876708116886052, 0.00037301520451300552, 0.00030440716285324161
29.695603089941375, 11.590127755513487, 0.00012275612177756464, 0.0002379957859687779
31.64018405505615, 12.141031341567045, 9.6277013824746862e-05, 7.213444873069885e-05
49.896173118493429, 11.716809991280785, 0.00089573663290271012, 0.00020129150814412536
42.358474935338435, 13.347497767219144, 0.0005712421878120564, 0.00025936542323026188
49.559835659315773, 11.648785057369029, 0.00053714482160304052, 0.00054441938302905203
42.412288097198804, 13.929476089735358, -4.9624466491940526e-05, -8.3216065103758939e-06
62.283261769555345, 5.7816430358651232, 0.00010801434653420303, -3.9138333975805219e-05
55.052382239794042, 10.20540298541381, 0.00046949741047187744, 6.7667862651740854e-05
31.975816061009823, 13.179952546186289, -4.0551434237056115e-05, 6.9582535161582095e-05
54.135929190726834, 10.478333106957189, -0.00037076682581994316, 0.00020253718302846579
31.382547601419077, 13.916410034223381, 0.00039587583894415884, -0.0012857780682932402
27.884139964168714, 11.80818006138265, -0.00026486148177989416, 0.00080388766020941869
39.716353372685674, 13.726932127069432, 0.00035338092665083824, 0.00034091903239432308
62.815050690998646, 4.4528210243251234, -4.3927920358801582e-05, -5.6612628077968174e-05
51.440857813091355, 11.356346216227191, 7.5020026615833517e-05, -0.0001100584088149613
42.723446964952672, 13.638711302031165, 0.00016403930652413934, -0.00019613906706424295
41.495472403201759, 13.073203185424061, 0.0006548150662921147, 0.00093758434366674761
52.36292882558196, 10.773915661807269, -0.00080324523920556092, -0.00059725751659283114
33.761279488947309, 13.825493552261456, 0.0010021486874661699, 0.00033921359297385811
38.709795256089144, 13.719422708682673, 9.7058128734133899e-05, -0.00016573294476310814
23.934283494121033, 4.3975929146730195, -0.00010601656695503433, -1.2529774872101398e-05
45.067528701116217, 12.505553162408868, 0.00072619014852466461, -0.00053527656461730788
26.070423710594934, 9.8927081927304705, 0.00058477279436915878, 0.0006664786553434507
34.902908878253157, 13.602754692637768, 0.00051166467689026302, -0.00096166746274635874
54.51797436082682, 9.7344013713027984, -0.00068978882394234132, -0.00047221037324813106
57.226856845319027, 8.9503281705657489, -0.00010078791034849417, -6.3088634650287798e-05
26.422645573459111, 11.082457110763972, 0.0003089708772636474, 0.00068072478830494894
58.128467249463704, 8.8076965785944665, -0.00049565195014455261, -0.00041645797194153817
40.851903378310269, 14.183363843276981, -0.00035769131575267931, -2.3473546703572546e-05
25.602249889136221, 11.241975089883088, 0.0010755380883332077, -3.2167735671435465e-05
34.416632373433799, 13.262994138734523, -0.00035689807748844543, -0.00024321694703219698
43.695574807293021, 12.883726341627797, -0.00040835564071501756, 0.00065019525265573835
30.368618672609273, 12.2654600621517, -0.00052955142689404557, 0.00066451918217967339
50.711730257394478, 11.815649032827185, -2.1497135400511906e-05, -0.00013808733303802658
55.036180639523366, 9.2250199914025828, -0.00083259868640222947, 0.00039442632693784379
33.129748194514534, 12.930278183815497, 0.001289666361927413, 0.00042751021416278552
51.705786713529292, 10.547565212681919, 0.00085701622822134541, 0.00053836957774889421
52.595164806344584, 11.356358059482929, 0.00015847599280727597, 0.00019890171203647652
32.837397811942047, 13.447831469180436, -0.00086391158360066701, -0.0011336520837296816
24.560018116408674, 3.925225736777211, -8.7677775065866245e-05, -0.00022258406780646434
30.977675702161935, 12.541472552578877, 8.0372192313577046e-05, -0.00019301579724332132
58.768240514415794, 7.995616941251221, -0.00020339869863114369, 0.00011281101158555383
43.985036816030345, 13.176616576348977, -0.00036340455187899243, -6.9110510603936852e-05
50.117664973352298, 11.656441035499338, -0.0002322591543483058, 0.00010317342762913411
26.594065282487392, 8.9978229003233423, -7.3108904942348885e-05, 0.00019583672777492262
58.076264375684531, 8.071281619649854, 0.00050558024741193235, 0.00021967401417501861
50.557760170639824, 11.158059000990045, 0.00046070458259553148, 0.00060026276439034047
52.804105179471534, 10.656030686096518, -0.00074522582502882203, -0.0003174537691540899
55.864023870547726, 8.4817500236877947, -0.00038012799957782439, 0.00080899823939439906
42.603234832560673, 13.216037695120715, 0.00041259531025097951, -0.00027852722412699055
56.694406503851873, 9.1872679533682415, 0.00020146159060618045, 4.6923266303774853e-05
47.748724666838577, 12.670247305232992, -0.00024369326753154706, 0.00052684873196183078
44.757711067035537, 13.406068019409718, 0.0010582928168749873, -0.00035261006431182578
54.979068126714765, 9.2790198411879068, -0.00066782200832107884, -0.00018817671100165428
48.097426102750447, 12.504145640438944, 0.0004943157143171027, -5.9209114056901681e-05
44.792726747352226, 13.315272096199806, 0.00011758669417899904, -0.0011925125804106806
62.926002288871501, 2.7104913535340329, -0.00014329773322852769, 0.00024008807484008534
50.531673030609682, 12.025136769941263, -9.0286895656644563e-05, -4.42814560986704e-05
45.066868722187287, 12.407025095233488, 0.00067962160566562891, -0.0011105866390044175
48.230665412742937, 12.373858970778077, 0.00019511291770298112, 0.00011417610514019902
48.098449532365684, 12.542082512392971, 0.00034115545752265317, 0.00045393282814295145
30.061587343057234, 12.436601491967727, -0.00043621173067752618, -3.6222263450763639e-05
57.44207756932385, 8.3182123475861562, -0.00038724878082924656, 0.00053055319477645301
56.35080234964763, 9.4211501013615671, 0.0002798584188262524, -0.00010515364518651832
54.415510272006784, 10.628990107691878, -3.7381187008733694e-05, -0.00012698207014655055
40.780777435867883, 13.770524763046064, 0.00080431694653600974, -9.5506831295461629e-05
52.345859065554443, 10.315969155957792, 0.00066463219363051154, -1.3317799888274962e-05
28.1201521348396, 11.338805145392708, 0.00021496524037843576, 0.00031219728512255323
56.244696786292351, 8.7276505932928785, -0.00038382356405283161, 0.00066913152453865437
33.174716094408694, 12.98155303014663, -0.00019885484394281336, -3.3012312640222083e-05
42.218583676022028, 13.734491544236805, -0.00081847257183854873, 0.00012039436632303991
44.944178062359718, 12.768758053517836, 0.00046646338918427462, -0.0006200813351072258
55.743715703945931, 10.102905840059124, -3.3446044436616297e-05, -1.0350755335028696e-05
52.567783523882248, 11.373073584369225, 6.651227628458526e-05, -0.0001285930453581253
56.45540968471331, 9.0510890876429944, 0.00016508172900213112, 0.00068351755498243059
45.832905955130784, 12.691881424409351, -0.00018152976797454796, -0.0012560731141414822
61.561427499329341, 5.5178100020947962, 0.00020805153357351944, 2.0642831983521403e-05
28.970271768556874, 12.194953866676736, -0.00070056372621890974, 0.00037716654489038456
21.797776288041828, 7.9644774917216274, 0.00018620647028635769, -0.00078472787466337605
61.802443446247352, 4.2631833665618286, 0.00017711011138793836, -0.00038643978230987289
28.634220773685499, 12.832689081758451, 0.0011317241715691712, 0.00030094254052052613
29.872478261650716, 13.081408930988909, 0.00072221363351747587, -0.00030611808997794374
40.572195729608715, 13.452725608072742, -0.00026064045770545592, -0.00067263786289477323
57.570439879688017, 9.3236796441332661, 6.5723812952698249e-05, -0.00018006009598415656
56.362425112422237, 8.2082425613894667, 0.00033459371403166767, -0.00076491522490368261
46.737250465624491, 12.698159691872513, -4.6260547481498986e-05, 0.00027891524595852316
55.377175054208813, 9.592657900444868, -0.00023656986528085595, -0.00022274198037938714
43.645659027756174, 13.483008528774025, 0.00078287369014024542, -0.00032518274905075136
61.188051305514186, 6.4560361710857119, -0.00022905050296764872, -0.00011265504397396813
29.807066104641017, 14.150840367847566, 0.00012821215205056219, 0.0011238108273749394
30.583822515905965, 11.363751454671355, 9.6417795566555459e-05, -0.00010378817728328136
63.705528766000704, 2.6483292990450757, 6.3237057753869454e-05, -0.00010519115260217877
50.451714810362716, 11.063208402637278, -0.00053406495067164362, -0.00045691378479974503
52.240853598457001, 10.390752294636595, -0.00024806888508293305, -0.00097341997787335315
33.355421493850692, 14.047211596902924, 0.00094383769727532753, -2.4074440691393212e-05
56.114760736408059, 9.6642706410477377, -2.4149757314228349e-05, 2.0030967597471645e-05
29.505334793632596, 12.07181925899901, 9.9624217442411062e-05, -0.00070338643956813056
31.114854074964935, 13.286361848056394, 0.00035176976668342138, -0.00046059648816567137
54.771252176688201, 10.206218394034646, -0.00051321348975585403, 0.00018383115657688925
60.723838025017855, 5.8536717830116034, 0.00050256516928492241, 0.00020288641527732511
62.685657888906995, 3.6882864655202465, 0.0001360426270663632, -0.00017216692123078352
48.330649776977772, 12.864891259927814, 3.9695252085664001e-05, 0.00010091982991058021
56.086922988423474, 9.5957458403480285, -0.00029642553605647569, 7.0469805895981451e-05
45.866975169849212, 12.778724470527413, -0.00054639501606588536, 0.0011925164427796422
52.720582417112652, 11.173408402194204, -0.00071615059673923965, 0.00027649988203213823
22.525716961310714, 7.1338436363380966, 0.00020597721751676527, -0.00049983991569837289
56.05597665126183, 9.0536614714722763, 0.00013374458300219785, 0.00038993991426717868
40.515395351501716, 13.586280534899991, -2.6614278385382937e-06, 0.00045373296557930004
22.421728030078107, 6.884753055602248, -0.00027477567057163717, 0.00032005093385849081
43.685834223098873, 13.232922460253803, -7.3656056611321033e-05, 0.00088635966215311356
31.668999659667787, 12.707973283645561, 0.00011606101786914407, 0.0003748977081093606
55.177073346388283, 10.279650564900175, 0.00021530157509582666, 3.0926388554162506e-05
63.212655919064353, 3.116431269636291, 5.5641033125463389e-05, -0.00014535116761291717
38.462911247222422, 13.747554496799838, -0.00013101827682643219, -0.00070765017325926662
24.694985068957692, 2.5945865906851107, -8.1136864364031702e-05, -9.4121158171839019e-05
44.388508472935811, 12.989881072199786, -0.00065474801903511531, 0.00018958096896888431
51.290061512599188, 10.833674778633847, 0.00072392817746797238, -0.00048841852095218841
21.242046604739805, 4.6242058452336474, 0.00034654031656081039, -0.00019510664900759795
47.741578908512842, 11.898539384836543, 0.00083852356539955528, 0.00085981537137107896
61.586109334327396, 5.535849436466652, -4.3088385355717942e-05, -0.00035120438985340193
61.850217774549584, 4.656813575163218, -0.00030561692396476102, 0.00012122897440181833
36.826783649077086, 13.561323437702537, 0.0010929588606390284, 0.00018808266781330404
29.239447554789422, 12.640146165869908, -0.00075366597342922236, -0.00057732634818967921
48.250553217993193, 12.122146938898494, 0.00042861303733934797, -0.00023886883358218471
26.646020981192308, 10.657650978958921, -0.00039599724200957518, 0.0006833542668727593
24.796807189022903, 9.0734409254919548, 0.00015993332589487723, -0.0005254476473315374
37.779823078828876, 13.692415914001703, 0.00021385543233945164, -5.5997548965668141e-06
58.62229976803453, 8.1906026481113106, -3.7570797867248681e-06, -0.0001312716020091362
38.443545875007679, 14.02608434702781, 0.00025247143518055494, -0.00010137648407750901
38.50448431592794, 13.520555972553469, -0.0007845179471137251, 0.0011854837209005372
52.525458406063962, 10.589484169314394, 4.621211225818539e-05, -0.00058600004997922533
43.360657230410176, 13.463254030066352, -0.00065272444056026474, -0.00015856491875703704
24.674311948847137, 5.9379029451544332, -7.4786305326023401e-05, -0.0001286181851135358
25.596779709929837, 10.907736439066438, 0.00023146603507116916, 0.00090731918371267828
27.529496254194125, 11.115645510102546, 7.5522663705310884e-05, 0.00074346344339739669
42.943105617700681, 13.501499273261713, -0.0011747116811771188, -0.0003931566004868945
47.874564955319755, 12.568331520026993, -6.7191322061130871e-05, 0.00054485583604762199
43.76026984609701, 14.225585823572686, -4.7983689752707815e-05, -4.9452225189156452e-05
39.328083687408132, 13.320589356718754, -0.00050302489918122636, -0.00028164846411278034
42.04466220792709, 13.539871364935683, 2.9266488081841159e-05, -7.4892115972761167e-05
37.047889403809684, 13.871282765618624, 0.00043657819211075013, 0.00043810570527788898
39.596197477839098, 14.016147295198387, -3.1044031999966502e-05, 0.00036127439412530945
61.182950938956019, 4.9155140644691722, -0.00021326514841932926, 0.00035101474459666652
44.96409303189818, 12.614477054892149, -0.00037281862839874815, -0.00070129234982230703
43.353311501057036, 13.25481259799402, 0.0005199543211934619, 0.0010331671387758168
46.44694714071737, 11.697034744422865, -0.00082343973551975592, -0.00088890276909389708
39.068505119752402, 13.267406433287828, -0.00028396260415574124, 0.00082715633317707741
58.925077165885469, 7.4041743773148596, 0.00013538751591114109, 0.00037330826981416877
46.480521801952321, 12.812290270514103, -0.00016934396030960028, -0.00020666706591580052
33.959000924164521, 14.214542923329567, 0.00089458515340260934, -0.0005615462626355213
45.462379882448914, 16.124858594724923, -0.00066661675430632875, -0.00083023998207907592
25.154665179723384, 7.6850014709568732, -0.00018075455822702031, -0.00020566526306427585
52.353033569960601, 11.387952179125936, -1.351233557747264e-05, -0.0002646541102064185
27.459843600645961, 9.3461025549802965, -1.4907524537867275e-05, -8.2144491044067338e-05
57.650537197126489, 8.1990486036456804, 8.5906271739439097e-05, -0.00077170487761964006
55.923414445622676, 9.8590891445323692, -0.00013516524722996794, -8.8911217494304037e-05
23.94557865474939, 4.6408148465899242, -0.00012945469975617839, 5.0354178373065083e-05
50.971963617594831, 11.709587581531533, -8.7727897673356813e-05, 0.00019662278305532805
54.383898307435686, 9.8089511663004103, -0.00014302838935422604, 0.00078646043381108504
58.038858600809533, 8.3909319081927638, 0.0002732263412948961, -3.1462161586794819e-05
30.949642028489531, 14.425834075598003, 0.0010038896154125094, 0.00089104558235485263
33.804048687416568, 13.697230422511629, 0.0001074788691610313, -0.00031050672311543244
49.734059386062604, 12.030388629643241, -0.00023443652867882896, -0.0001338967851615577
61.23560285891574, 4.9519165663732956, -0.00022283195733219585, -0.00041343841605537258
52.429767758147548, 11.659013581423736, -0.00022975487350465788, 0.0010247193364281149
61.507960979813483, 5.1885242608101043, -0.00023046439447390056, 0.00010423815255372956
43.772384629680765, 13.176502279406458, 0.00056614937031749374, 0.00024308036962115973
46.707445116845463, 12.556867197026893, -0.00087896879098242164, -0.0003239504696154522
47.493128452265822, 13.055143213795862, 0.00030670872072479228, 8.0392570911942476e-05
49.566689301848953, 12.394012304620508, 0.00045336628504938798, -0.0011656638882457085
55.861360889608548, 8.8253540105632364, 2.2259443641303684e-05, 0.00078958535367762927
26.125600410422841, 8.4848819837165088, -0.00010038440004621442, -0.00010254882570977346
33.191619671678907, 14.37435774348423, 0.0001035052095260431, 0.0010357908436453829
43.483906521927999, 13.253880874017963, -0.00090379720954788991, 0.00055851426816180957
59.888792067990572, 7.8475991801014358, -1.0768063795194206e-05, 9.2965901923575364e-05
41.331462355659262, 13.017705888117325, 0.00042494153502454742, -0.00064422181008939308
33.249657439859426, 14.013486608158981, 0.00098187399518756048, 0.00098955356616657955
57.953679749869629, 8.8242593904813802, 7.4202570493439644e-05, -0.00016145151703443299
53.679647548887345, 10.807498408983113, -7.1280436935545723e-05, -0.00018428564893779439
28.171085975064873, 10.77826079381725, 0.0001923859691871141, 0.00020689309930601614
21.598219307220074, 2.2079129812807023, -0.00013287150069354409, -3.4825725315791267e-05
61.200486766630263, 5.0305816846841989, -0.00042543770396788689, -0.00017766300390076277
61.722785703801975, 5.5983041736130934, 9.9126756603041502e-05, -0.00020900407134770942
61.115398317849248, 6.7617683626610159, 2.5000479638604027e-06, -1.2783091979812665e-05
56.78082095445712, 9.4203197811173833, -7.514516684464857e-05, -2.7183440539404271e-06
31.639060542205129, 13.018700824827674, 0.00059963909830505996, -0.0005741679033018477
59.324997698795904, 6.5521362232263991, 0.0006306280056776536, 0.00021696257993756123
50.390640628059955, 11.271827639120087, 0.00030539845720930814, -0.00075993074194264125
28.971115028987658, 11.229183140683913, -0.00015360870385115475, -0.0001533535972986361
62.234181307849774, 4.0893915846319437, -0.00012209974214038921, -0.0002490358694556276
47.61679582495794, 13.045102628932332, 0.00026245763600054575, 0.0005808780832434519
59.225809866374824, 7.9217182746345189, -0.00011326631916786806, -6.5109523660413605e-05
52.741458765125692, 10.903144866625247, 0.00052041435541624913, 0.00025213050667832049
54.619346178965756, 10.062510310975577, -0.0002789981613930887, -0.00023849842268776036
26.559806718916128, 11.076825285357527, -0.00057007302132922142, -0.00041724878011051541
46.306666584082166, 12.972716100380625, -0.00020303682245327988, -5.9960411937760828e-05
62.378338688026638, 3.3915492570898707, -0.00022253724286067734, 0.00024254157513873011
60.54777540769976, 5.807828708201745, -0.00041311656276132939, 0.00020855920830997014
63.528799309122142, 2.3422015724222627, 7.7021274486452441e-05, 0.00013447867398969611
43.172661644109319, 13.094339058110023, -0.00071762974135235885, -0.00065304970156917336
22.011543248429764, 7.5211794542908486, -0.00055761100311790075, -0.00042570213280801743
32.072427808658304, 12.979360243142951, -4.8955604261599641e-05, -0.00030165465215302998
36.35456745369568, 13.91465584648089, 0.00034851903703435371, -0.00025193848969966396
52.721346748389458, 9.9667400577520677, -0.00068864484610762914, -0.00020942172277580148
25.736335766509558, 10.209013490370973, 0.00020895303890631153, -0.00063250036440716366
27.535916086303359, 10.004536400334281, 7.5168818977012261e-05, 0.00027768432008133334
25.430652958696271, 9.7998239160497409, -0.00047906366234850097, -0.00013473474978149163
61.785820078878103, 4.9355903565058554, 9.633592717240922e-05, -0.00022192638056181928
41.899305894278577, 13.355977080032115, -0.0003119917972124353, -0.0010504171076849446
25.351874178838514, 11.449744921007783, 0.00067075677513856477, 0.00045072209007556259
56.686873414057459, 9.064563502465564, -0.00033284386568213051, -0.00011260714747090562
39.335189917215715, 13.323589331387407, -0.00096680380426509085, -0.00062349809631336603
51.937851504067289, 10.869747486355337, 0.00067384290219278523, -0.00033357566174791294
29.786984505369624, 11.994539520415398, -0.00019519561477673622, 0.00031962156611486079
34.359924824787335, 13.37026369659996, 0.00012957343532414426, -0.0002054396427218897
54.631243039473432, 9.8691735702720944, -6.7679004817018638e-05, 0.000459870682317567
48.200160768020751, 11.979353991756856, -0.0005226064638486934, 0.00065887757584482071
26.104878476622652, 10.959900749338505, 0.0010923965149949009, -0.00046781858720404976
52.969043837565728, 10.541075624606655, -0.00033811088858737488, -0.0004748704924644534
41.227617784342591, 13.744179075861158, 0.00040592006155160424, 0.00047305566964987527
39.631346335777266, 13.675029492094696, 5.7024487627995188e-05, -0.00095522722479830389
31.219890292597686, 12.378895586757904, -0.00037012576252809124, 0.00045507396692691458
29.068874672893365, 10.578140083446369, 2.7215568141805838e-05, -1.2212515041661085e-05
33.517560320409316, 13.068070596270784, -0.00028429028007510469, 7.9138113668989233e-05
25.29218262966468, 6.5202594939055194, 8.1451966154378686e-05, 7.0027618976504504e-05
57.712402422543462, 8.1759255930610202, 0.00049042220703574739, 0.00016548335227211072
31.012037604921961, 13.224633234619771, 0.00043680713758555601, -0.00074886130814262825
58.932732340629954, 7.521981502438801, 3.6393302947474863e-06, -0.00013353883449559222
29.506442520083802, 11.542776023115518, -0.00017104798482856092, 0.00013885885741476259
62.34235676615139, 4.1894321687504856, -0.00021475308815629662, 0.00015627743880451244
37.091476971901429, 13.791875029581377, -0.00062531797828849255, 0.00047396612505709644
47.307064443545116, 12.503296798298363, -0.00067547153177190036, -2.5407518295986125e-05
24.745548170966654, 6.3173046196859568, -0.00011106258622540614, -0.00010046478670151812
28.43200345894958, 12.679709277010918, -0.0011580687601174516, 0.00054612409834620785
41.821173368165312, 13.799991191817417, -0.00059687985835935812, -0.00032872044378811597
28.323531530668077, 10.473935449506222, -0.00023804878613763457, 0.0001767985487288282
56.760514936412939, 9.2968452780679911, -0.00056056871688339477, -0.000191306428335588
50.630752053587862, 11.239160161379214, -0.00020678707988198728, 0.00057693548696900526
34.298029213453781, 13.78304156425626, 0.00013766337937162675, 0.0004070877582586014
34.653241950177218, 14.945541223317079, 0.00033940283164641904, 0.00061338982035043926
29.088095727763228, 12.542202960547588, -0.00034506919473846687, 0.00034888208154848304
55.334222477736866, 9.443415573340431, 0.00074741620706986764, 0.0001281118157242296
48.487048791444124, 11.792931717295428, -0.0010523322675847517, -0.00015958102305262288
22.227550106269454, 6.3692540566711022, -0.00033870123751069564, -0.00025845630222276261
42.687598185227209, 13.009159704431127, -0.0010805057700915583, -0.00058433495543110364
52.83640137925331, 10.927538305476599, 0.00059176671356531564, 0.00028755367464244853
28.512267241861075, 11.657758849166305, -0.00023258287984195326, -0.00054856770458058574
31.647461364891033, 12.365409943461813, 0.00010101799855404921, -8.5736336425282713e-05
62.610525619886197, 3.5627441233751891, 0.00012851073078102559, 0.00023486113754626463
31.396266909404996, 12.059470091015786, 0.00050335565561316384, 0.00032926625559876957
57.9621159145428, 8.309759580543238, -0.00028872457145548343, 0.00024430814077555993
53.401183958543868, 11.19956714400163, -8.9520467127752885e-05, -0.00017980620873501828
47.433010957851863, 12.424913538970959, 0.00037936758624606664, -0.00069234803129965164
37.101904291480047, 13.235189978169663, 0.00023969105855006217, 0.00081657283783113639
40.881689195599066, 14.064480703395603, 0.00044518018508452772, 0.00044646922986834681
31.670810230881418, 12.074242061905334, -0.0001863806345176973, 0.00015098573243804865
46.96461938775267, 13.008510478375765, 0.00043856272168495505, -0.00057390802885457426
51.36626294211527, 10.952372098440337, 0.00094413218886716093, -0.0004893718533440063
39.351090765205683, 13.642244722077153, -0.00040897288310816251, -0.0005229558285020625
27.194572143723672, 8.5560884967649322, 1.5168663671188194e-05, -6.1638890238662708e-06
47.244370535369796, 12.9436671074958, 9.5319715936000588e-05, -0.00010094147015515109
26.376458117644383, 7.7332336560960195, 9.5461417335930475e-05, 0.00010983429837428937
64.020626884585027, 2.7428651561816357, 4.2608572654177613e-05, -3.0981595145210187e-05
49.548668330317156, 10.963632058238758, 0.00031731415416151869, -0.00092143381577606198
55.925444406090818, 9.6093381636892339, 6.0503854055093736e-05, -1.0693579403585581e-05
62.485449052423213, 4.71651853117306, -2.4025450942162193e-05, 0.0001934084063562361
32.957683595124479, 12.850543712135254, 0.00011109270822216093, 0.00044095889562499005
47.199187970659686, 12.736535401728943, -0.00035189439084617091, 0.00015229577277987792
39.408905524969946, 12.970370032594447, -0.0012598708177262185, -0.00052999559345155321
34.231684340144618, 13.658453973637469, -0.00045454930667855338, 7.2003397501877532e-05
38.773890130736639, 12.848761365942346, 0.00025336352721657448, -0.0010699380584332254
24.004450228758998, 5.2444946015265126, 0.00014541242137471239, 0.00010723381395495236
59.727244454100216, 6.7809753832957682, -0.00047247960617800491, -0.00021425646326933017
24.935373140692487, 10.673238115113239, -0.00058878716022508072, 0.00080740392601173847
55.053285092785892, 10.305159719435684, 3.1691650092033284e-05, 0.00016772088164367855
25.026814199768964, 6.3489720093496524, -9.3085424159567028e-05, -8.889982406806726e-05
51.647093906881857, 11.172827635260692, 0.00022455250344330992, -9.651243222099741e-05
50.82212143356071, 11.20205462480809, 0.00040208668073858877, 0.00059186615204595951
30.429862597274578, 12.249280773831973, -7.9167101556131353e-05, 0.00026440770248993409
55.580588315056104, 9.9846390044804529, 0.00014446609463758872, 0.00016528240491393487
32.848621151390596, 13.16897208001618, -0.00059289149331465238, -0.00040307061566769472
54.098417934513023, 10.126769599831114, -0.00045207681397451554, 0.00056292799865449922
63.955499668188033, 2.5022258106209319, 5.808286133885843e-05, 5.5974793000992932e-05
53.955658455865006, 10.45750814512939, 0.00015190439815710829, -0.00022955044370359307
61.571853148746072, 4.5126664227954656, 0.00019918256238807001, 0.0003709748384865451
37.878761137748178, 13.177582143893844, -0.0003671308517887138, 0.00083663985816275735
52.045227614955643, 11.483233979461206, 2.0066129819545475e-05, -1.0991220080651513e-05
21.663662981835003, 7.7606689763515559, -0.00051253299967717438, -0.00059180412459500871
35.111059445123772, 13.48700728489751, 0.00045580856294421076, 0.00065125389518182599
36.064947498296057, 14.159473887418709, 0.0014225153501201133, -0.00024490688316372317
58.341007880431903, 7.0872599752077425, 2.0627703231572235e-05, 0.00058232637383223555
43.008627448243416, 13.551126197788292, -0.00017379919876251898, 0.0011828767906595014
59.57350757284145, 6.7259966136282223, 3.6499775477744276e-06, -0.00052456758314145698
43.244705114965925, 12.901733765619499, -0.0013992937771904177, -4.8834830053477016e-05
62.344294237438284, 5.6346573756213116, 2.64539391240165e-05, -2.5638131684705885e-05
48.353634576171714, 11.919955044880352, 0.0010462715605375585, -0.00073718310074888729
60.640548197359585, 6.5030344521870269, 0.00032142357277548236, 0.0002988522862668807
54.224206905495805, 9.5740298696646526, -4.9818806685823138e-05, 0.00078821204668200065
28.562013608469169, 12.293834873253676, 0.00075691758202108038, -0.00032174290516152887
26.216430950769915, 8.9546450309569856, 0.0002268699550837101, -9.727372317891862e-05
33.311939437046256, 13.12756657624683, -9.1082952260859257e-05, -0.00022346441408927422
37.442785838330998, 13.763868152758148, 4.6561568557966627e-05, -0.00018433554693179509
45.368840671958388, 12.406495173371344, 0.00090009776060257754, 0.00051488989283266244
58.898002159331092, 6.6477852519967433, 0.00021175609079401107, -0.00065585319155574042
59.658672203510477, 6.4865114770375207, 0.0004865941696626062, -0.00039249486844590412
57.046312663523906, 8.2906172099928295, -0.00056790932670886007, -0.00054775687571763181
46.435780799151161, 13.001655841931502, -5.7952152900297785e-06, -7.662931357621358e-06
51.610821272859191, 11.381294587835191, 3.6853474977440674e-05, -2.35115251886949e-05
34.892684970283341, 13.401616914265988, 0.00016063266203841074, -4.0027594400194695e-05
28.248136247869979, 10.150497125661303, -1.8282849402649222e-05, -0.00026751702512346591
28.473767584820902, 12.493305362674693, 0.00023918455240741566, 0.00089310006958739951
59.652702110833012, 7.6160938215980298, 6.5181226955137855e-05, 4.0364618461166145e-06
37.827018013694754, 14.196063776201468, 0.00057595445946436981, 0.00035147997207141791
30.713091447998771, 11.964056869272083, -0.00050148231675736777, -0.00036185956625126649
42.345096029230788, 12.559052576332199, -0.001082807515491401, 0.00068333491744360791
28.44974862741589, 11.962070693425138, -0.00073738516705666257, 0.00011470108445317023
52.847576359925093, 11.120342331141714, 0.00054416569061811087, 0.00026057991613439603
46.276816102151528, 12.625944550972024, -0.00050431769242192275, -0.00028089490511924747
46.559638750890763, 12.92966281754334, 0.00032905024717369379, 0.00016508070530303948
32.292592795194366, 13.879943830147349, 9.0421053648098707e-05, 0.0011037199594979097
42.419984148313759, 13.353018978296971, 0.00060022931529210414, -1.2112412619969293e-05
47.599861230744168, 11.707804074423022, -6.7506664978552488e-05, 0.0011794373453949763
63.3333642324653, 3.4145032961137574, -7.1116748565960576e-05, -0.00016963089793747902
45.117196732880529, 13.33032548304368, -0.00090122887455520182, 0.00067395412021282661
39.243634145192857, 13.498736147438825, 0.00047169947941088334, 0.0009317025775226886
54.694297361051774, 9.4365701553493437, 4.1498409177893963e-06, -0.00063640459418363223
62.279072806673021, 4.7010110463613719, -0.00016204350560929749, 4.3397840576496068e-05
50.720013926804697, 11.355958625313557, 4.5741427841847238e-05, -0.00091858347545564528
33.227668150264996, 13.259185121832962, 3.7820717079872641e-05, -0.0011041569103938302
47.108799478031507, 12.734398457191221, 0.00023712524137718224, 0.00017861985800705544
44.557848174047834, 13.147422206547636, -0.00043427256841654401, -0.0012480925947286122
55.197667673853466, 9.4286676574350832, -0.00076767857432908412, -0.00039025411614686321
38.544646106560364, 13.813093481479079, -0.00088810098118281952, -0.00090808916344123131
24.067450530918961, 7.7028055195435421, -0.00024216208174390296, 0.00033242441294223499
36.687171598250309, 13.740779400589615, 0.00063738072221735775, 0.00076069128708733597
62.151468219902078, 4.8764091073436386, -0.00012857973861879745, -0.0001913497826321515
39.590834497085709, 13.834409928539449, -0.00014353878151194407, 7.8623546895957878e-05
48.964260169269998, 12.568503788827, -1.095263409176684e-05, 1.0401347000084524e-05
59.059659432127518, 6.8443010955008488, -0.00016910924815028219, 0.00053023511849028626
58.262820117496588, 8.0541015182462168, 0.0002460139973002811, -0.00012602590075450943
31.613134822031249, 12.713161575905641, 0.00042357640121766938, -2.2610076706967139e-05
48.006176626751589, 12.340578751979645, -0.00063978457254892018, -0.00046123099119470349
28.954950020512712, 12.886610139214659, -9.2077519979171069e-05, 0.0011054758609854837
51.012614678010046, 10.954544049759207, 0.00092744213880900737, -0.00055156517378352171
54.886371224698749, 10.119047508434358, 0.00011147540055359386, 0.00012390740881288603
23.994691775106432, 2.6404065128311651, -4.9711992284260043e-06, 3.6864708270795567e-05
44.35672276643303, 13.76326542917989, -4.8349339558374454e-05, -0.00021564116349875279
24.460664039426355, 8.3535514007176541, 0.0004377572291476995, -0.00022695574592241372
51.688378019950356, 11.663704329993386, 0.000175070266232983, 4.1692682185557982e-05
27.303228488401103, 10.134729363452372, -0.0002007732951980044, -0.00021844876208295164
59.587996386511762, 7.8144252946035406, 7.4636660323629644e-06, -6.3899021770750641e-05
22.287674195382419, 6.4391681524451139, 0.00043561902226368741, -0.00019504762630812332
40.812566489762034, 13.867144801815519, -0.00054852670873855322, -6.5002116611984079e-05
27.540408058449049, 10.382539493371931, -0.00017255955031861899, -0.00024560071637981995
57.544794313435403, 9.0988147138826729, 7.203791707306781e-05, 7.2149587194454332e-05
32.42292212545842, 13.369531643936476, -0.0014125984941245904, -7.5596329365895152e-05
47.500403283204477, 12.790793789168363, -0.00079473433299073347, -0.00029876730297700717
28.137230747907704, 10.43968407511387, 0.0001267018703961154, -0.00011417571306546651
27.761391115100576, 11.619000406875314, -0.00076279860885840594, -7.2321024080811741e-05
41.801866514790589, 13.846837515087403, -0.00045426577259804091, 8.2212621793387346e-05
53.947863781849406, 11.107095745955212, 1.1592419887317441e-05, -0.00010727379032327137
38.480007753461933, 13.599896780735287, 0.00042201402197174773, -0.00010417633736630946
29.988886922736832, 11.833988439426923, 0.00015916076586056319, -0.00015135625145952359
29.491173468905036, 13.03500086069057, -9.5609196990991145e-05, -0.00035324960024553647
25.164159462538809, 11.376787017407056, 0.00094807916382903758, -0.00074889027804399451
48.403658107505919, 12.823375162178285, 8.6590101840762517e-05, 8.4975462937480077e-05
49.029183907357734, 11.574517839112325, 0.0012307637657981299, -2.5391848191587046e-05
49.34911733693864, 12.237222365244001, 0.00029037745172203356, 0.00040219025940590141
27.641888478723676, 11.689852613781854, -0.00066433352287548686, 0.00067510208530327791
52.054765908298656, 10.673895508602593, 0.00066820215190462929, -0.00070012794390795911
25.093913703118158, 10.647899731102829, -0.0010207272474878483, 6.9057192004931444e-05
36.709644638494495, 13.594211456709093, -0.0010233094997746427, -0.00030064132150996935
42.95792462582618, 13.797065560823835, -2.5606262116615446e-05, -0.00032306024902970285
56.669497883413356, 8.8265611289476702, -0.00048166973817544633, 0.00016070461934989056
57.889894514480815, 8.5368606778430411, 0.00011186761697465059, -0.0003599111769367693
29.123677550631673, 10.940992135000245, -3.991958665583043e-05, 6.8762810600746956e-05
32.870287605501247, 13.08452650472714, -0.00016889934022482344, -0.00038609006075920237
33.158962797219964, 13.45059507574641, 0.00031228231177598636, -0.0010604363300993885
41.709797889492677, 13.464492278549125, -0.00031084617671021697, -0.00035127273696700903
62.884912041495788, 3.5397911553839747, -0.00020198695120768385, 0.00011011003798649198
55.618777617936125, 9.8628193164672169, -0.00048006354267915002, 0.00033024534243683427
26.176546243517208, 9.2025285896064979, 0.0002051536543362317, -0.00016034366682036443
32.684437702946411, 12.623268205904202, -0.00020280513576468473, 3.904232922109768e-05
60.64526462383445, 5.6922144761376208, -0.00021169762921246447, 0.00043037543576554749
39.542758210494519, 13.847359000203067, -8.4933451283245482e-05, 0.00035868723841918333
32.965723668393032, 12.870019873988102, 1.1514836812949533e-05, -0.00039805970573087481
51.296489989375146, 11.692576338412842, 0.00016075150964208916, 0.00023313351575352429
55.740478421878763, 10.06248984501288, 2.0904415435827186e-05, -9.8107142115933023e-05
55.978443524757438, 8.7515511986043943, 0.00076637983472879442, 0.00027350241568372937
32.418929286716335, 13.089528963957331, -0.00031173632022819629, 0.00017885766306623691
49.048504271710314, 12.003238944673052, 0.00043598099125538163, 0.00091941320385161528
30.170871836508873, 11.648795925278908, 0.00017997761451548115, 0.00020545877720495767
42.878958093592054, 13.569716516710246, 7.422114883142599e-05, 5.2768858701138175e-06
45.344409419116737, 12.013299925191065, 2.6900143989989623e-05, -0.00099140547581249281
57.823410658412243, 8.5130743321954885, 8.8320309434446404e-05, 0.0001157646053075516
45.205905533452352, 13.176071141477143, -0.00053856602378133365, -9.0074758905003271e-05
38.297389482502119, 14.056856782986705, -0.00090257473436122467, -0.0010850568922917969
63.540992359895668, 3.6291274850838784, -1.670612761160062e-05, -0.00012878183251348904
35.08699504360861, 13.523855417768656, 0.00061012091763669018, -0.00073032253097683774
20.546436205347046, 0.80588807483096814, 6.7366331630262888e-05, -1.9980530959238719e-05
44.135267283395223, 12.8688574746204, -0.00058117718237287602, 0.0011016389022255396
43.715385969799478, 13.567881198526822, 0.00025588452111036016, -0.00064218432311257117
50.037957063338666, 12.149171924094881, -5.8002307254250306e-05, 0.00012515806311286603
26.737603549064875, 11.100852065110004, -0.00064072971856837303, 0.00060020296295248477
26.277947825873845, 9.7525303180063627, 0.0002470620253070344, 0.0002155179715050069
50.921766345265901, 11.535450467696837, -0.00013543685049260105, -0.00041852434979232779
30.375838869253549, 12.831777784430205, -0.0011130358410403457, 0.00053374237215104449
43.110239674425863, 11.584629044252424, -0.0002907473332491975, 0.0011479868503872868
32.739229159454332, 12.542630390444311, -0.00059641925967762928, 3.642236136476044e-05
27.102641384599934, 9.7780463164993918, 0.00015709900276208351, -0.00020700198184244131
61.844621760968387, 4.5709468328344789, -0.00014384044243892993, 0.00032253872334962307
48.994414365334293, 12.334072512234785, 1.5746625959792603e-05, -1.8631769195415429e-05
20.903563290657779, 2.7019486672413144, -0.00014801917873684815, -0.00025739482589000204
32.610904298037951, 12.51355938119651, -9.1415863766866943e-05, -3.3475772600010925e-05
24.255849807177658, 8.2903842918013435, 0.00034127456894381483, 0.00033037212530170532
38.138736123044971, 13.647348779347555, 5.9623840272707452e-07, 0.0010300366860115141
51.211041751908077, 11.687395428607072, 5.6353453210615311e-05, 1.3664132859703955e-05
35.350421290989999, 13.459986013202263, -0.00013219399091266013, -5.995762136309876e-05
46.863779844959922, 12.318868463062714, 0.00087496729705813518, -0.00043222246886055553
55.192004806602931, 9.9738428614817138, 0.0001355365312767863, 0.00033487380512320695
62.957709012470538, 2.9435968221867892, -0.00022108710994048287, -3.9922380348157742e-05
45.314072108544735, 13.115205954278391, 1.9592493189841083e-05, 1.0576518248750605e-05
29.598219999274065, 13.446364166950026, -0.00032355585708381766, 0.00019381419955855235
59.324554016703196, 7.5414761588337944, 0.00021027432598788278, 0.00015194375877460256
24.581776851632949, 9.9182271788313567, 0.000148885405493757, 0.00065260543903970195
61.738483331011487, 4.5096420347621562, 9.7162109864609139e-05, -0.00038860287486611791
37.901424741628759, 14.062773656593576, 0.0011268743554987478, 0.00016596908779872629
59.737132507809619, 7.3337587631350578, 0.00015815674967475257, -0.0001419416383545014
56.610416141047232, 8.2645266289436687, -0.00049682779886056649, -0.00068761865618324096
57.343828060021231, 8.7124406171543463, 0.0006168162307067385, 6.5392183648863586e-05
24.578072341779787, 4.8406340068662157, -3.4277419115808117e-05, 5.4105629191267993e-05
31.965503884327369, 13.138323675311542, 0.00063067550443123368, -0.00039929095445227628
24.471777930773111, 5.3063306879156906, 0.00011517052484370074, 2.2764723828933715e-05
25.935320768361287, 11.0764508142886, 0.00045505499155507772, -0.00064487467812490902
43.934657717835336, 12.898805770053752, 0.00023014492911600784, -0.00064926750473030175
53.352891297365083, 10.876403692935666, -0.00039555104769839998, 0.00010023321619460334
23.483479521049524, 9.281893049087687, -0.00030899514932624913, 0.00078441194084323627
33.255489151284742, 13.471055153784857, -0.00017448094324092005, -0.00034958254855281415
24.59175155253137, 11.321410953190263, 0.00033339905238038205, -0.00083596383476787256
30.920789909095994, 11.896696059733568, 4.8999178033734656e-05, -8.0290850883669437e-05
25.846426692428938, 10.768627617786384, -0.00068936322270652674, -0.00055342291083347139
29.756010838462693, 11.427290641074999, -6.4728631123089886e-05, -0.00016976153427079714
51.538851927755147, 10.509684229641257, -0.00022632148691998982, -0.00095274980195857455
30.445293363365817, 13.734973614012434, 0.00051018433899226092, -0.0010600739787475809
30.189746421053727, 12.421236582571252, -0.00068299190858396607, -0.00065634753065109571
62.773566727204759, 3.9487064795734552, 0.00022999476308063993, 3.3931880294179013e-05
25.785151480592837, 9.7629026166402113, 0.0010243266506431495, 0.00030700562489683199
36.186506863554868, 13.778089777530932, 0.00042129578881047952, 0.0010370816674964973
26.750259273536138, 11.597124526511797, -0.00091195629399894184, -0.00090109140322564799
48.048147798476585, 12.365926528568531, -0.00019483399427951752, -0.00066660110305414894
52.521742361658582, 10.949095295457559, -0.00023319090985789588, 7.5383980951947878e-05
29.769376619756645, 11.654948644716075, -0.00042418436656488422, -6.1089646502347151e-05
43.226717642119901, 12.755109199821337, -0.0012846203179725933, -0.00035426995020785402
37.16715938133693, 13.865121534635144, 0.00070318247274352651, 0.00034622203873229816
19.98821600610675, 3.6851466490688245, 0.00012039256850372044, -0.00039929806060632136
29.410919938666968, 11.478504769636382, -3.0409848478106696e-05, 0.00036272121775920643
21.474420457840257, 7.1677687259167842, 0.00052645950685470996, 0.00015931984794032987
29.908280334016432, 12.255120877456319, 0.00021259759305095819, 0.00075326144250540772
51.768001887705545, 11.312153765585366, -0.00020035675685120958, 0.00054810345161240229
64.062654422276552, 3.4113182599979761, -2.6047594929625366e-05, 1.9817260932877092e-05
58.26214202362447, 7.7967783351202398, -0.0005253855367002608, 0.00028325818896607254
26.016898388307798, 8.5227693844448424, 0.00018005386446067758, 5.615699363858944e-05
31.272827490894333, 13.019271199365066, -0.0007904142094837676, -0.00054944573877653135
46.504428011403988, 12.966463666982081, -4.7139908907688856e-05, 4.3028289399713641e-05
31.684334790680108, 12.668521550170055, 0.00090816635971340594, -0.00038715260301613213
38.863421510282059, 13.867884270735226, 0.0012526572136561576, -0.00070765301592056449
50.937939847026051, 12.016073436753754, 0.00022100392162749933, 7.3279239754827429e-05
33.388240060565494, 14.067916140931477, 0.0012364799615092196, -0.00069624467908135413
27.560110107122441, 12.244958154747547, 0.00014378937602476104, -0.0010345616568016478
35.641646377233414, 14.444254595320164, 9.7816464629249693e-05, -0.00051271940002715758
33.667554842559497, 13.879633317307693, -0.00064433853150852388, -0.0002110572420421413
59.834479998612551, 6.1184773663132157, -0.00037209790080708008, -0.00051957658888103389
39.580373472570706, 13.278018205813121, -0.00076635167648065868, 0.0011065320925157309
37.046650175385949, 13.490117171262776, 0.00081216632048863749, -0.00052528783613448504
25.247287850448643, 9.57466424633669, -0.00054898692083862346, -2.1752580846298738e-06
37.844466814307637, 12.829450122935341, 0.00096889573290510032, 0.00091345213090014547
63.911278307508461, 1.5392789929063819, 2.3516754663946145e-05, 6.8756837884724362e-05
50.468457129159134, 11.960036904910034, -0.00030227653486943182, 7.9616690261118559e-05
20.921330322325819, 1.5506711778517561, 9.393609163803935e-05, 7.9241185024667295e-05
35.318096461868741, 13.778528515605142, -5.0850830207275508e-05, 0.00061321516886085148
62.465773507161842, 2.9875987874647678, -0.00025054267779907758, -0.00017293031396567351
31.036704111622171, 11.585196479898746, -2.9101783453728265e-05, 4.0492604501751761e-05
56.512014522695182, 9.5422941036646272, 0.0002806484624056275, 0.00010713171188401852
26.691358122252225, 10.607060396331716, 0.00052319376531704338, -0.00026861892537127666
61.784915538722508, 4.7011770321003183, -0.00032808886219960184, 0.00025738601244883566
22.08742998497187, 7.3419057350691581, -0.0002812592740089631, 0.00073655442830495785
49.637731337765409, 12.249802200066348, 0.00031959541029855782, -0.0002477109709405556
28.546071315068001, 11.691902443488067, 0.00026922362792389313, 0.00083620815625901925
64.595208714444155, 2.1589233387804869, -5.5174686941522036e-06, 3.2807894141821456e-05
32.442833715746083, 12.837158318274053, 6.1231716505480968e-06, 0.00022349831693438098
54.329816304099204, 10.786739452670149, -7.0819916392019318e-06, -1.0838189333593681e-05
57.676348336802143, 8.8011903823649948, 7.380888485119707e-05, -0.00032659126660879238
38.071357947800458, 13.497341172733547, -0.00016444543830843676, -0.0010739774940181073
21.102367566306196, 7.3858887681481225, -0.00044323667888575345, -0.00020321974550940652
46.575338179638941, 12.723375150390275, 0.00046752511123932926, -0.00091892900832028128
45.589799675226594, 13.278842009406626, 1.2603075488161575e-05, 9.7497523471493703e-06
27.375390297321328, 11.544400995418551, -1.99936526843469e-05, -5.8335355489079366e-05
50.260850552859694, 11.942922889740132, 0.00012415873990591296, 0.00014522178573819284
56.075033503462265, 9.6961541769796966, 0.00013353755913332734, -0.00016429186784724603
40.057821645915027, 13.520769834772144, 4.5935329997426418e-05, -8.2302700082721503e-05
60.459238582265606, 7.0514703767881155, 7.0395788118131919e-05, 3.3414538512155999e-05
55.914403029640333, 9.5692709588259888, -0.00039871605287995028, -0.0003077047758927189
23.451858096012472, 3.6510807298203138, 0.00010563221829002951, -3.0604373552256971e-05
45.09795029444021, 12.411263425282259, -0.00099498489207588536, -0.00065791263191114578
58.995579632347557, 8.205972806928024, 5.706386390669563e-05, -2.535187187582436e-06
32.860252066250226, 13.077694637856872, 0.0002589743180755792, 0.00021515240613259316
43.431811557019294, 13.159055681298844, -6.1882508518904002e-05, 0.00082515898643235387
57.699199850917864, 7.4820911261861305, 2.1475984402606265e-05, -0.00070832979832680142
37.692274562295331, 13.882302717816101, 6.722905338334072e-05, 4.057478936182394e-05
53.849442193375829, 9.8619212752434571, 7.7640742810265211e-05, -3.6376570325927888e-05
51.309416757515685, 11.166019476361599, -0.00013216366348572917, 0.00055828105757244517
44.738019380597464, 13.73369807978189, 0.00047381494818581602, -0.00042677096764015993
43.261771628370255, 13.618925469041503, -0.00029724425176227591, -0.00031708520617725543
59.345222869250946, 6.4226201064968338, 0.00035828379978370268, 0.00048003104620412908
30.349969888022454, 13.540578770382693, -0.00095303673231306629, -0.0009235467290510368
52.861034334921719, 10.798897495007408, -0.00029917575863524132, -7.235097638242738e-05
35.610933115531012, 13.107956219071987, -0.00020326842552490057, -0.00020136730267445664
28.953928092483338, 11.771798662697499, -2.6156569770256294e-07, -0.00038782724538991237
26.428565863108187, 8.2919694737838725, -7.7703849429400514e-05, 0.00010959239565935389
56.055593782946204, 9.6143591408944715, 0.00021498783932407395, 0.000486003211421255
27.476842168571917, 11.899672276760064, -0.00093555379453853468, 0.00023070000366755204
34.772467323779473, 13.235584276512265, -0.00025767126368044185, -0.00047205198163905072
32.182837133007617, 12.709634143833044, -0.000847146843017339, -0.0002714560496495083
46.984817327124453, 12.749903445270865, -0.00013904610787841419, 0.00021712293515604677
44.310521474310114, 12.964319552444811, 0.0010681201216033549, 0.00033996759251810125
37.084723854241211, 13.432459101653713, -0.00030336335748025814, -0.0006313526627560207
55.122082037483821, 10.12259795462999, 0.00016179703380597927, 0.00034972136424091536
49.161991815489664, 11.84460392372227, 0.00094705938795444156, -0.00031589015048702696
25.711473405138591, 7.0930584666728231, 5.153078241995748e-05, 8.0765041557607402e-05
47.354787457573778, 12.885769925383945, 0.0004404455565887185, -0.00030729218820152232
23.007494241212118, 7.3762381128541259, -0.0002703455150086706, -0.00037906097006936269
61.303192340299212, 5.6691807718074783, 0.00027263508539113413, 3.8893631287940022e-05
35.187611624696117, 13.481471544688347, 0.00086481129890298347, -6.7573323209794742e-05
63.193845968589599, 4.2292862421084303, -0.00012368634928908918, 2.3724505802011852e-06
26.179241997416074, 7.1457122173967402, 1.4681590005855061e-05, -1.7605395766923047e-05
24.830828094233333, 9.9028413917558389, 7.1562533605880487e-05, -0.00097653018803182381
21.783202259590464, 7.3984769243124786, 0.00060353687354117462, -0.00035846315451333735
36.121698554261016, 13.853227361932205, 0.000128745551580851, 0.00045101071456778678
38.55727196244564, 14.312868835407928, 0.0014316122507300384, -0.00019821454436398734
31.998852705737697, 13.421782190575021, 0.00026184852565685107, -0.00095325685876586862
29.689034663534017, 12.22127066126102, -0.00018341175489451172, -0.0006602470034930009
27.38599364568482, 10.255148629699148, 0.0005971939279942461, 0.0003162017220170907
25.309920600421304, 8.1435106776831052, -0.00016068204004266535, 0.00023162474317381536
37.838943018040553, 13.939944528433729, 0.00063012647093204721, 0.00063965947227537852
56.914678216743127, 8.5697948063992619, -0.00017362682191655876, -0.00042512828688766292
46.202263252599678, 13.292383529838782, 5.9900483064791089e-05, 3.2302866363795398e-05
23.767233863971718, 6.842516332590761, -0.00024125973810014203, 0.00025008595305085242
54.581307610290274, 10.404249849031672, 0.00013010244341971235, -9.9873275295022036e-06
62.438864676453576, 3.4735521894571915, 0.00018329511713682716, 0.00023082313944423945
30.401415335332036, 11.110461633805331, -1.6667997208436399e-06, 4.0397282058334377e-05
33.686460793412884, 13.015668801409182, -5.6048563459603163e-05, 2.3075052552685319e-05
45.876048903692073, 12.69350250603663, -0.00038558013870170751, 0.0011026177170026668
48.884476574678423, 11.995169441039282, 0.00014822166415328895, 0.00014896854914740463
63.804684041936291, 0.4961704773633559, -3.097119908577098e-05, 9.0842971852800467e-06
26.488722162563466, 11.639001435604374, 0.00071838107949334868, 0.00036415304764680223
43.475235590462361, 13.221063600182715, 0.00047245291017899277, -8.2248922859613397e-05
46.754929310504984, 12.840124694502355, -0.00029436600882832236, -0.00027698061794127917
21.633454867387783, 7.2479507440335516, 0.00050368926948835089, -0.00038910072627853912
46.716686777515335, 12.00449242320812, 0.0010649971938668269, -0.00066334592772185948
48.278999150375071, 12.335328777744577, 0.00045197507825314709, -2.5642547785249557e-05
60.248184975127778, 6.9037468022196675, -0.00011117624514144825, -0.0001834931842446366
34.03144916630955, 13.898915508580208, 0.0011670373282131042, 0.00055192524644204254
26.255846755197496, 8.6600977879655598, -8.4264102523055412e-05, 0.0001624012798758566
41.88290891173115, 13.313721286578508, -0.001025667673308307, 0.0002789338039595228
38.345233006290023, 13.534649752017501, 0.00072710096642352633, -0.00063392485256050278
26.277205280041866, 11.211961573320785, 0.0011025422021562806, 0.00029016063963758311
24.975953840644774, 10.859717594082914, -0.00030234211795329377, 0.00083802246521320358
56.107539198296038, 9.8650252638443678, -0.00027087689508237115, -4.2829218959279106e-05
39.062580969931084, 13.889527874987333, 9.7327427249266265e-05, 0.00067650349132915039
48.566955345030145, 11.621579053648039, -0.00088277571090889363, -0.00025916041116658605
45.738036799932516, 12.882721993932901, -0.0004521477960250798, -0.00075906489015063912
45.805508427301341, 13.062632344763369, -0.00012173881728664963, 0.00013848096374741685
38.390131479868892, 13.744116962119227, -0.00053656012500518508, -0.00064466141923340162
51.609833048050881, 10.857038835424008, -0.00013684597388571022, -0.00082785497075534866
22.3020280508021, 5.0419718170644368, -0.00036074959773288841, 0.0001139107405209218
62.522902983165551, 2.9719500436484503, -1.0251796044158158e-05, -0.00029427310967041208
54.844282751398637, 9.7982469831828229, -0.00046223166763533239, -0.00040281094194270404
46.112078619188019, 13.198574495997921, 7.2713778720488151e-05, -2.204402391150974e-05
40.069120587160825, 13.747906159432885, -0.00011031118222729976, -0.00034178900739975329
38.472181909737657, 13.606237811294919, 0.0004387091020160606, -0.0011037778986982315
53.695622254058677, 10.597937706296189, -0.00037604471992890308, -0.00026813269925953328
52.241667219031704, 10.313613702267231, 0.00010362511043930245, -0.0010346627703719752
58.560109996615864, 6.8045377229404522, 0.00031018262232640747, 0.00063363121117366499
44.725368113391873, 12.895659818413186, -0.00073409993750737793, -0.0008909943804835109
23.611040040129438, 9.0690606024763181, -0.00076987156337773313, -0.00021678397825515254
24.569534210483237, 11.960621963612754, 0.00085808980004182384, -0.00066767040535098345
52.395294588802876, 11.248031824225615, 0.00018004403324222882, -0.00019936758689322634
32.493463567172014, 12.808934612964812, -0.00013481701635574168, 0.00035978106282709188
40.182498125278357, 14.11003623959205, -4.9087835610730891e-05, 0.00024366938051742561
43.972887258609397, 13.27407897524342, 0.00091244216599023031, 0.00023033896206645397
51.180777952165556, 10.518055000195394, 0.00058143637423223478, -0.00096891659382789886
24.799564297814136, 7.5746460172657706, 0.00017284134728305788, 0.00018144510456360498
34.879488028806549, 13.755317454367203, 0.00040187250638716923, 0.00039770854318301753
39.803359483138131, 13.992719396499956, -0.00022749383551066703, 0.00069883169515721772
24.143129256932166, 7.4646405735060268, 9.4330258367823406e-05, 0.00035231277293494714
56.310182598297764, 9.1813759063525833, 0.0005118340309276017, -0.00015384069860758612
40.556064659104699, 13.788283533682444, -0.00011599085775594332, -0.00011608770731352202
48.959420163287248, 11.721218144347127, 0.00034688504628806427, 0.00046293417424942156
27.227389730382349, 11.109623850670785, 0.00082738591982801099, 0.00012961990634559396
26.531124740448064, 10.568831609240743, -0.00047356574691183285, 0.00035070380970015231
45.505901811274327, 12.970995050333094, -7.3048066750620838e-06, -0.00064309365225099732
32.543018011098432, 13.719658470907966, -0.00097281619275953581, 6.4461601018602093e-05
49.961625913456402, 11.722377722939289, -0.00049850739825770722, -0.00034975109542308147
47.610604743722135, 12.065410523977466, 0.00089049315385790115, 0.00036734965104567798
29.130781450005649, 11.913420901210969, 0.00061511795743671681, 5.5292707246938435e-06
25.709599580500139, 8.6675980684859226, 0.00019842927441715569, 0.00019111598591488034
63.143909628579912, 4.1951845867823918, -5.2613523414428884e-05, -0.00011655458501877042
50.570488110148013, 12.174917536670051, 5.9018188004943966e-06, -5.0560954635352633e-07
29.396196305933881, 10.547412526369699, 1.4378100889832809e-05, 4.8821754353822833e-06
31.686506587861526, 13.341059223305617, 0.00087663443710333968, 0.00017676394515586216
53.802462017460655, 10.870400065725006, -0.00061377675980611225, 9.272223681314899e-05
24.417696964332858, 8.0069456127990133, -0.00026977227844105737, -0.00026274285183528276
33.947234320668798, 13.003352193619973, -0.00011632581862382591, 0.00030122912345255289
20.415411585606801, 2.6249188488179964, 0.00025836230579028279, 1.6889438182071099e-06
40.245358859211223, 13.605943683758582, -0.00074714148833451041, 0.0001329491865399386
50.135975953434269, 11.46133499713331, -0.00066757125431618437, 0.0006916346688869661
26.876416712603923, 8.8313859427471559, -0.00013945018849581276, 1.7198194378647791e-05
59.5993117211776, 6.4385461222717399, 0.00058572754250301134, 0.0002875253060817717
49.973897034484317, 11.605979080015082, 0.00070665191978169296, 0.00028058924177414517
57.065531789200854, 8.0858220928393933, -0.00046476079606904417, -0.0004846256864346406
54.178066843444121, 10.004743656786694, 0.00036613591291495947, 0.00056379722288479102
48.12182120465927, 12.092238832228126, 0.001223400378881803, -0.00015096315433032556
35.775219119649492, 13.622235325875195, -0.00068079865190639078, 0.00054805954644597467
51.558852774858664, 11.454833846103995, -0.00033731294505001371, -0.00022980155734025011
27.485784525134246, 11.594306672042485, -0.00060756910994854189, 0.00029471441596380296
56.738076376552911, 8.8358036005306033, -3.6324775718623349e-05, -0.00062238744857847695
55.904241839834093, 9.443080054668977, 0.00033565086699386039, 3.7788357191301159e-05
60.421220395884731, 6.6950875916577433, -0.00018715541889790114, 0.00016009339378225747
48.845395385786119, 11.273979306776646, -0.00097088199315922081, -0.00014087658565207722
23.623633010739095, 8.4013998916843082, 0.00040757554672873512, -0.00014548290594262013
42.818420534851619, 13.29655035615076, -0.00019794194721683858, 0.00095996903881295185
48.098033454278387, 14.616486622321853, 0.00053586504755933641, -0.00048780887563733434
27.881852300904182, 10.647294252061053, -0.00023831070886091087, 0.00018874869854953224
29.499026360589738, 12.420906783957665, -0.00066255379021239039, -0.00028638992137211322
52.060752234995029, 11.052442490277576, 9.5417222285391833e-05, 0.00079166407734294322
52.930913530671539, 10.644987942207475, 0.00053243570460802334, -0.00027043530643979245
57.766145469248279, 8.2149598421629282, 0.00053806516832157912, 0.00036132799508050838
57.291131033513977, 9.0838336728849516, -7.3418344586988345e-05, -7.0920505191562132e-05
48.253329987453547, 12.321915939579345, 0.00024548537633309407, -0.00042376459101040178
22.379816580878401, 2.4588886516036355, 8.6533580559940745e-05, 7.7532906252475531e-05
29.905410048978723, 11.680778754145555, 8.3398501972408955e-05, 4.5197616146347567e-05
54.413748004137148, 10.402260491060476, -1.5141063105066177e-05, -5.0094482628637615e-05
54.788937635774836, 9.0284190643969247, 0.00032473817692375216, 0.00092054092969250394
33.139585170956913, 13.149752069399936, 0.00027731044828317139, 0.0010849683232564316
45.28653584339208, 12.769032202496653, -0.00065073360672409188, 0.00039049603415839041
42.766847607211496, 14.230673230874483, -0.00063398327990212466, -0.0010260332538505081
34.679574335617609, 13.485276224867995, 0.00033529460493661711, -0.00089970109537912987
54.503599029928864, 10.195673521685121, -0.00064361369819896036, 0.00032268765967396606
49.613021539461329, 12.420722839024425, -0.0001074657884633838, -0.00021933798633508249
48.378778247459636, 12.619653969469157, -0.00013977129189170131, -0.00023160240994848816
23.698040240334272, 2.5899466765408219, 4.1070500255472698e-05, -4.3582595268998939e-05
37.76626262627542, 13.747254227096169, 2.2824890747869738e-05, -0.00019291994478149124
26.335183595413444, 9.1266139911926381, -0.0002129021655383505, 2.7291051036046191e-05
36.440532383196164, 14.302117632547969, -0.0008861465317002204, -0.0011466607680218999
30.093300632320446, 12.111062961219277, 0.00035493827249958074, 5.5377127062617876e-05
60.687670966376388, 7.1383495408868312, -2.397480273100314e-05, -1.0199342208544527e-05
45.997180590017365, 12.670045178345841, 0.00032389333220608909, -0.00094056071905026747
33.728077745397385, 13.520504257723244, -0.00061857754724432997, 0.00057942522121248404
29.022157235363071, 11.060971384853479, -0.00010043968306752824, -0.00018939818128037712
31.654669332180777, 12.406174172670672, -0.00038806080384820368, 0.00035606914203829598
38.728064087640782, 13.904300073601199, -0.00068284039866154582, 0.00078921147225682897
47.12814462189106, 12.792702975882698, 7.6346271145800505e-05, -0.00020469316176871196
48.666495028818296, 11.586749114755895, -0.0012542575604423669, 1.9050610097057586e-05
50.161600584080063, 11.285267754574578, 0.00054323711513541543, -0.0009730254674313512
30.899606981640385, 13.352534293967198, 0.0011506168828472408, 0.00019281457817006109
38.237639163420752, 13.670679546966056, -0.0011328937295345611, -0.00079166575980627464
32.649200468458638, 12.751587237058482, -0.00035872123873646955, -1.2335062604986882e-05
28.157960892587127, 10.976753273098621, -0.00031631156664802977, -0.00034804978715402053
25.511038796419328, 8.0485236500755022, -0.00010413852789608816, -0.00016726572036206109
33.7974333135327, 13.762323710385001, 0.00032874495655193527, -0.00018337450351389189
28.333477351600632, 10.172374425742888, -2.7765229261424728e-05, 1.7182985209875317e-05
49.567741937137306, 11.626517129931504, 0.00090725609289825967, 0.00067687469245690816
35.377263342886685, 12.439436646154562, 0.00014072337060627794, 0.00070390694167053562
51.702161890957335, 11.984508011178544, 0.00021938308315202159, 3.9485345675266676e-05
43.782823403487136, 13.270614164770523, -0.00018662519495806038, -0.00025278959909218239
46.868174090831182, 12.884980440679422, 5.2006998395659999e-05, 0.00044797734443460856
61.045972702653195, 4.9194451112762367, 4.8237196685191096e-05, -0.00042258896081082337
30.903619158816788, 12.953475765807896, -0.00043654657608927319, -0.00082522132306009778
35.270022879383959, 13.423968716110657, 0.00058680390790056809, 0.00033121849804327051
57.525367414454273, 9.0411671641739968, -0.00010645500736027847, -0.0002871012667845253
24.460964205174978, 8.7439220089335628, -2.2146212181047967e-05, -0.00052951260127894124
33.1418662770174, 13.116388245610787, 8.9608955281693091e-05, 8.3616905099542983e-07
20.678147922527504, 4.1949728174149152, 0.00037478182501550489, -6.9085696287714884e-05
26.043170936825604, 8.8302780709427466, -0.00020778747653503557, -0.00011469453347680866
40.548133213508414, 13.999644387047246, 0.00018839056773232348, 0.0003767203469904452
60.913980687635586, 5.7855363608409816, -2.2470983314562055e-05, -0.00027066166193425806
57.579904910393516, 9.1223252364394334, -3.9289497423113119e-05, 0.00024853118063343835
54.39944796063326, 9.675031013808308, 0.00043968912686662869, 0.00076888306998835912
54.032013869839105, 10.182883488578916, 0.00012982706509871548, -0.00040007068752848503
37.132339612900644, 14.086740466969975, 0.00080744805997919088, 0.00088588531066687015
44.060052876603073, 13.362442752526375, 7.6411016395867869e-05, -8.4087294397595843e-05
33.806107980327305, 13.497615407818627, -0.00030011807791344104, 0.00069281929857047619
53.850149036831908, 10.651931581057619, 0.00036574114892332885, 6.1663455883128836e-05
57.50937119558845, 8.5838289551844884, -0.00018246499935385121, -0.00035439374887577237
27.860903565074178, 11.089515683642096, 0.0003019697367205953, -0.00022851728864642734
52.795853761528797, 11.23280360361059, -6.9046987563295588e-06, 6.87716128492499e-05
35.16020442979881, 13.393983202685877, -0.00046117322952787072, 0.00019934426903037668
27.549530146130643, 8.867596128643914, 1.0228188766279542e-05, 1.531136075133276e-05
32.7944805051619, 13.837991911636557, -0.00047486029636495056, -0.00035404686251379352
49.704940993571562, 11.382399528979557, -0.00033341058347336556, -0.00068160810758998358
35.124162715231535, 13.585064610823308, -0.00012237441701438325, -0.00020351752298625463
37.998347771266602, 14.61082196323137, 0.0010809292629768673, -0.00039060985619401151
57.890726091148053, 9.0910075612966494, 1.5049631541879379e-05, -0.00016525804259302708
20.309626978265694, 5.3307516013421932, 0.00011259522375316606, 0.00057302422457713748
36.001122087897983, 14.092750503968052, 0.00015614705499556562, 0.00072196770440413833
47.970485148998179, 12.443704037799328, -0.00050656574592933029, 0.00016154401690343052
40.555777561123456, 13.614611396600873, 0.00066935454428535988, -8.5585598187672113e-05
43.020020137555463, 12.777988372663875, 0.00097025633818983374, -3.7484382794080981e-05
33.651076583672975, 13.82753607011189, -0.00038148446381015431, 0.0014348499032469568
37.943134377142464, 14.084775671753651, -0.00042321017318938572, 1.557239289311185e-05
47.466633647929839, 11.697930635461992, 0.00060761006971306547, 0.0008908662644199648
25.332892315651911, 5.4680064312386252, 1.6441176384567272e-05, 2.2134314696215943e-05
40.790131631116971, 13.455697745561956, -0.00058182199735613751, -8.2310732352485651e-05
44.081838362480489, 13.461307180240137, -2.025092376800381e-05, -0.00069256922224931658
58.142746491472636, 7.4299025960662686, 0.00012266740645285133, -0.00071544100128075245
43.354934913673375, 13.291821169625626, -0.00018800655169930888, -0.00055494124076197837
59.493734053343992, 8.1362272990393691, -0.00010743149662685326, 2.1698552744457076e-05
59.424012610940231, 6.2705707686953449, -2.6406187507097703e-05, -0.00065904610124664664
27.125774888906641, 12.913535812770606, -0.00040995869593436475, -0.00095729806356060403
39.215816518140834, 13.775688434863961, -0.001191300984600255, -0.00044698395932892898
41.534583564121426, 13.452335333104553, 0.00092428740938201384, -4.9608738559604143e-05
44.921516638746731, 12.624432327191867, -0.00098970533273725399, -0.00035049486771300271
42.022396902285017, 13.726467455533692, 0.000496852381116675, 0.00032762348737535332
58.939203932543322, 7.886902883841846, 5.7885834820176806e-05, -0.00032549559681564977
39.379213756809222, 13.2503522592117, 0.00062871146079919525, 0.00013119611248627174
40.723013710074923, 13.057794014929605, 0.00053928777895719806, -0.001217384423401129
30.742380649747464, 12.227345920930182, 5.5280710842139626e-05, 0.000227769718855018
34.528989973437106, 13.164681308418448, -0.00052937994039846175, 0.00022571006240023033
32.152040478305047, 13.38976332480012, 0.001048666962776529, 0.00068122121723628774
61.263303498627721, 5.7816229430523496, -0.00010904310139709201, 0.00013057003832695857
45.108995147331491, 12.498149275940607, 0.00039057541473398678, 0.0012825556514167902
51.297959013087059, 11.249166469823747, -0.00066134840854016369, -0.00048628370882806737
24.094176001866071, 2.2194104594885777, -3.6593101885101613e-05, -2.7899080842309953e-07
30.440837788559143, 12.585938757042285, -0.00034771688518654817, -0.00067363338987779452
34.117395078300831, 13.17910922905183, 9.3482690920237686e-05, -0.0002897202418746016
20.519207424811018, 4.9696666753320873, -0.00043381431520745527, -0.00018104927490331967
27.507460205835759, 10.620340042735348, 0.00024102561134604368, 0.00018246044308693613
24.869673014314905, 5.903798128422455, 0.00034725563414020436, -9.3505052771737399e-05
44.656569529748353, 12.910487410616682, -0.00040320758287339863, 0.00079770015743824564
24.201194380428191, 5.4582176854599549, 0.00013534058621223307, -3.9421900051721122e-05
30.617879798579818, 12.335437300919699, 0.00040967771926897901, -6.9813400385507047e-05
30.76637977085656, 13.184479469362341, -6.2070159013659384e-05, 0.00098120643957800733
56.070816042769948, 8.3744333121045127, 0.00047040308194040307, 0.00076692037979703544
59.706042103753674, 7.3333743488738392, -4.5817493432831106e-05, -6.1364536125627797e-05
60.270753024910881, 6.5092867803774226, -0.00041717642818687626, -0.00036939143917368223
60.671739595281032, 6.3596294262193984, -0.00014236397036038778, -5.9927413592756245e-06
23.050281525417194, 4.4698895529883744, -0.00011131455778218612, 0.00016347872346365202
44.739257051031714, 12.790070238911358, 0.0008339906874620305, -0.00083436426781762006
47.989249807462592, 12.357605266116025, -0.00042834152920426011, -0.00027877943250771318
31.267661313739605, 12.166804831594863, -1.0485738128562025e-05, -0.00016898221946494543
27.345895329628494, 10.97062801237368, 0.0005785771942903846, -0.00010962909639212164
45.078083508516357, 12.876309140418387, -0.00064290865976997756, -1.0905250818433256e-05
25.003182492381498, 9.3099106930674047, -3.679560632081093e-05, -0.00049236644695638558
48.984435310595259, 12.428021433338943, 0.00024170067021633354, 6.2346305380695113e-05
37.487788867902665, 13.912859377511262, 0.00047142841594429504, -0.00099199406779852781
53.235539889415506, 11.326700539174448, 0.00056452586113580087, -0.00035237810395433319
38.458611213273073, 13.987122259380129, -0.00046232361036180965, -5.1585097398868811e-05
54.736176560759013, 9.938389473464019, -0.00040027805512466168, 0.00052491722468882578
30.154207882116754, 12.702293019822585, 0.00049158750906197154, -0.00058551881627945867
60.954188457974489, 6.572244373206753, -0.00017412528688475932, -0.00010024387733651433
30.936294962749137, 13.090653989183799, -0.00065013508129177413, 3.8122223580832341e-05
53.914133325274342, 9.7949852111228406, 0.00031300927086499867, 0.00016876501008502787
63.393975622195768, 4.3032062548745529, 6.9686394317454805e-06, 5.8808222161514754e-05
34.568503668013349, 13.726922514144148, 0.00030092927806174785, -0.0010847741259728608
54.14718908887226, 10.831167740558525, 0.00015210486252869947, 9.49149969758529e-05
27.424072262104183, 10.008123458059616, 0.00022253443500820538, 0.00018056920134670935
47.458589763764941, 12.554799657343994, -0.00062981635639731536, -0.00044773940337706553
51.42452845404371, 10.764302929935502, 0.00033077084046040969, -0.00089948349344892134
38.859929097837004, 13.764386286357068, 5.9215424929118271e-06, -2.8226327282545395e-05
33.214022603311655, 13.099643387374471, -0.00050594442496955676, 0.00070545303830362306
38.414024456703991, 13.588850900025657, 6.4348863519932847e-05, 0.00016864968518222155
29.805136749560258, 12.216593327867976, 0.00023390097166515566, 0.00033751083799318869
34.171129573299694, 14.135942945056977, 0.00044684132814969466, -0.00076989187312561541
59.371613178295007, 7.0478565431386331, -0.00043259161869499846, -2.4215321862451965e-05
25.072439389882849, 7.0962375627097671, 0.00019342212602905132, 1.6517533310297323e-05
60.273593145221703, 6.1315690325636041, 4.0503186103827961e-05, 0.0005325952165169828
24.5263343523823, 5.3690970108970788, -0.000111342071430352, -4.9882143997716232e-05
27.817901878666532, 13.337747100853202, 0.00038709038829648842, 0.0013033977152136396
40.568510372174664, 13.303448098627706, 0.00015265538842639112, 0.00052057123256409694
22.29912327445577, 4.3022744531260715, 0.00034556108592921023, 5.9733359259364112e-05
42.495465672427244, 11.390906106895446, -0.0001975261758603455, 0.00012309334325730112
62.331657420645861, 4.188627566176077, -0.00016591348252660194, 0.00019875916136387816
50.860467922564233, 11.297988161557761, -0.0010929535048149908, -0.00011260041170943372
56.185910381769723, 8.2373040692864148, 0.00074559654693013091, -0.00038047714175477854
50.391763863499051, 11.430054835407418, -0.00021020801052102942, -0.00049249382201049525
38.762111567517231, 13.993451167202471, 0.00019163963461950499, 0.0002589116410203624
47.760177931002886, 12.736768151586308, -0.00024123502797622126, 0.00014823435710137399
60.601159941016661, 5.7993916109907184, 0.00012599860301719338, 0.00021285696878387645
56.986446108526629, 8.9707536132719401, -0.00038002115016842037, 0.00028572173952871329
64.254480941478576, 2.3522313755562076, -2.4897764513555645e-05, 3.3164910904533107e-05
53.512417917594298, 11.204821324689384, -5.3711705777606362e-05, -3.9678142872246527e-05
53.146180537251944, 10.46866434719616, -0.00084735440868638208, -0.00040373517054228424
40.784403913192165, 13.344789450192179, -0.00048843797130762113, 0.0011039680286943042
62.880458990072157, 4.3371078912531535, 7.5409550397787415e-05, 0.00013023525054856063
38.082273065759161, 14.109168965121453, 0.0010002136235103573, -0.00057839748872424979
57.475452914058152, 8.0746977116677119, -7.0650106415133889e-05, 0.00079434224491776171
24.326319019052384, 8.499811261963, -0.00026287585487141024, -0.00036037081845855282
60.894591954636027, 5.7511281379710892, 0.00041292866370735266, -0.0001184453288355122
58.49861665668363, 7.8019270454351162, 0.00016558673816673846, -0.0003886050971961232
64.697975165988154, 2.0746628205444266, 2.9889702906619229e-06, 5.8495807445822245e-06
49.05204943278563, 11.719945517919621, -0.00057750655153456193, -0.00041521011285767986
47.451667779002108, 12.038941432161712, -0.00036309440302501392, -0.00085857604076331926
62.729903368411243, 4.7399016904460858, 7.5440671001129168e-05, -0.00012448579016534217
49.589774998198749, 12.119549272275968, 0.0005503323628698745, -0.00010576781582755751
48.830381281081678, 11.904150261200336, -0.000563065472442832, -0.00092508961310360958
41.79557314526204, 13.898590341753842, -0.00039977765592702437, 0.00057371947693204972
39.089894933707569, 13.927558116106248, 7.6928103774066332e-05, -0.00010491583482999423
45.10351822028192, 12.76933651101707, 0.00077855951452959326, 0.00071483164113390115
28.30668267915436, 11.363706427509214, 0.00029681339444920089, 0.00017298982977458207
32.593191374668287, 12.73468940083332, -0.00024001698840404976, -0.00014504933138099576
54.208806098799556, 10.258887870875139, 0.00046266631582676354, 0.0005982971113920769
30.220543701426607, 12.123123834107284, 0.0003356600060604656, 0.00037414545806207562
26.535938709700023, 8.9483704744352881, 0.00015472628418348981, -0.00016868283461739169
31.466009259189651, 12.798428665681303, -0.00075146232369780884, -0.00037770230112463
36.185496712843538, 13.385728858272069, 0.00057338705921345344, -0.00081908877422203733
53.645423906611391, 9.7972602972878331, -0.00097618485387763131, 0.00022720456283594156
32.469171523525077, 13.229100582512993, -0.00056632103015118672, 4.0598191321707974e-06
33.103788511015054, 13.669117900821901, -0.00023452151236263432, 0.0013826754729312283
40.452531205667164, 13.577875788084853, -5.9724114295218241e-05, -0.0012515791887408427
55.34280425805715, 10.209860391942279, -0.00032427143666065945, 8.4875927514783215e-06
35.58353419818004, 13.543329005400915, 0.00019673406279969679, -0.0002657573130143391
32.124653893752658, 12.017298897417064, 0.00019936922564726552, -7.8576001038614454e-05
26.010419971603994, 8.9013613996335188, 7.5226091418255061e-05, -0.00021862885123052734
45.726679770436306, 13.123587299121761, 0.00012816644360762427, -6.0747472891995093e-05
61.663532864404701, 4.4616633919966517, 0.0003021533674808462, 0.00030205442830210245
61.475408388867734, 4.95384638796875, -0.00033422863337231092, -0.00027435155335364377
54.514442474471075, 9.8306527062567834, 0.00020703393904734994, 0.0005012420690516645
23.870905136549172, 6.595452661404094, 0.00027906097127824292, -3.7353095417386828e-05
51.351380570078987, 11.208524684240254, -0.00019426118788488597, -0.00068148658856773386
23.563013728803917, 5.9792024208226131, 0.00026599975392338124, 7.3611104192978036e-06
39.426671836564879, 13.632866030973004, 0.00023546457280955571, 7.8456110756388458e-05
44.935591806178664, 13.441213127289851, -0.0010284309086711228, -0.00019566430304737524
25.637257208988721, 8.1550893663849866, -0.00020856349931327615, -0.0001132382189459549
32.023976246121286, 13.147692446356368, 0.00051994428791079671, 0.0003933599443223204
37.813249001197761, 13.547004484470374, -0.00061687481678930763, 0.00023020080429204552
31.37250211108632, 13.206373722929193, 0.0011416305284835074, -0.00038879598411611867
35.237821230029091, 13.210348980101539, 0.00052238168918950488, -0.00032404569709971418
32.872786652214522, 13.769446667081304, 0.00011330486974218311, -0.00057371916649522731
60.364826382793353, 7.5544610369453506, -8.1354209318534789e-05, 0.0001033175366190163
32.576263898531359, 13.687933414193333, -0.00052192976874173246, 0.0010032534183057383
48.515958591048239, 12.075832704647626, -0.00057071126370992977, 0.00013357135910339088
43.581409014666391, 13.069592457423278, -0.0002786753125308651, 0.00098826448639313604
53.82016152277356, 11.198918545612303, -2.8887921808478167e-06, 0.00014203596136683124
46.112760388492653, 13.603645574413637, 6.6998126271461438e-05, 0.00030423442305102744
20.70598199537201, 3.2081466449978224, -6.2223156173368173e-05, 0.00024281842847229113
38.039629133603405, 13.85611750773114, 0.0010869700966550824, -8.4699161125120336e-05
31.667239621842697, 13.285403236525259, -0.0011688268927141845, -0.00047017604353743092
30.071697812173639, 12.251599288584506, -0.00024114704133076627, -0.00028078260647844075
26.951798342220009, 9.2848680737255176, 0.00014268619707688562, 0.00022003334380640786
47.665712881367924, 13.137561165773054, -2.2823385251346657e-05, -9.2772437136064683e-06
51.708104375252766, 11.559430024616402, -8.2732736081161118e-05, 0.00010071811516530648
60.886503380972698, 6.2136061694384903, -0.00023651758869735163, 3.4447420794676262e-05
57.221290528929067, 7.7697301840106388, -0.00021596627473607211, -0.00022070838162016563
35.725570454754198, 13.580071667776961, -6.8708558058854275e-05, -0.00013448618127906179
37.860588521088509, 13.350083834522774, -0.0005598673705944126, 0.0012806852939587009
47.566255398683779, 12.674149306618137, 4.1471920598668528e-05, 0.00019701734027575396
45.654839057746614, 12.795846728277217, -0.00042155738799982403, 0.0011331866780480821
54.407442062189517, 9.5777046107914803, -0.00014752941846490669, -0.00076735435448362793
22.512636002893991, 1.5168445034249818, 4.1937308460570883e-05, 4.4891752326144525e-05
61.602422574582015, 6.1021006718587572, 4.6685835652301952e-05, -0.00011178666942576783
51.30096951982722, 11.320136933394734, -0.00045798038165044787, -0.00085778293628886292
58.045817233787808, 8.7402585399764092, 0.00011521431551036204, -0.00013951018991674682
35.853444394079837, 13.366570454387007, -0.00010580398098369001, 0.0001089446870120657
35.85680489521777, 13.105983272754898, 0.00042462290922451869, -0.00026096010946342646
49.331325051724619, 12.394984514593565, 0.00011778505671112792, -0.00010951807131186974
58.883382088001063, 8.4304913408732087, 2.2477395901802429e-05, 4.6379663767884106e-05
53.134447512202563, 10.283865960504604, -0.00087089136172971535, -0.00018311780051656295
28.379813322651049, 11.934811459644768, 0.00080552900733951412, 0.00046591550672253477
44.424893933362767, 12.751816735111454, -0.00077915207886601297, -0.00040675299645838426
60.871945651055377, 5.2220400036866552, 0.00014790042063160747, -0.0004673632191179705
34.473086216472851, 13.218455132732936, 7.6355009919979602e-05, -0.00011353159346005717
51.68524852824514, 11.628642641909849, -8.9243201466012329e-05, 0.00016446323210694141
41.587180333821202, 13.247690948259091, 0.00013905353863124262, 0.00012035777920000653
61.320909652852549, 6.5817756370117575, -3.1759127538074214e-06, -4.6727718719093023e-06
56.391654993825057, 9.279980135760054, 0.00014654149358692993, 0.00058310525060050052
28.670700462081687, 11.410381791166436, 0.00041773329858050417, -0.00036477471817930742
43.317584659000239, 12.282607465519725, -0.0011905270051638856, -0.00030459739248555305
62.123514843810902, 5.0179660308606655, 2.3279590119662509e-05, 0.00025925642825321314
48.354891441186112, 12.509287535496115, -0.00065301810588255284, -0.00045945013225111482
44.44775227833243, 12.95797265378407, -0.0012816386986884486, 1.6498495656529686e-06
53.396683878010805, 10.757364192595825, -6.7966827705899012e-05, -0.00028155870793082562
25.958864118074427, 6.945695640337771, -6.7116698283364286e-06, -2.495978699472235e-05
22.552298292037438, 6.7289900086848622, -0.00040560121987534927, -0.00020825917716520311
31.343175056726242, 12.427545215437696, 0.00013168116052634336, 6.4557926187839068e-05
52.726051778724482, 10.93421741939553, 0.00027898005987046407, 0.0004492216942757637
41.777173602305616, 13.569478736793419, 0.00040936295476848847, 0.00022734289754154486
61.767845565827066, 5.7242109535898882, -9.0196198683673831e-05, -4.4643901032462562e-05
41.995108118503055, 13.2427100348179, -0.0002767611090380776, -0.00117302629834463
44.11728366905777, 13.336808922948823, 0.00014305470056451757, -0.00082653038882266766
56.708614376130278, 9.2609432851412734, -8.7610333235634463e-05, 0.00047009560864748632
41.657594312894751, 12.370690865682537, -0.00026549134275643968, -0.001069127090455604
33.795045333781012, 13.315956848886211, -0.0005191091538388604, 4.8361796869984834e-05
63.047154005353093, 2.7818372917077547, 0.00018953345649298168, -0.00011668603443248154
61.000779819094987, 5.5115676075068434, 0.00047725602789752957, -0.00015617697846055751
36.745902118380279, 13.490460802718875, 1.161891207724443e-05, -0.00011785427521150125
30.831473437723435, 12.919581386467065, 0.00064947005677461515, 0.00057749269709916754
20.528187233145641, 6.105600605591941, -0.00038252918356082582, -0.00014079268204355145
20.026909168457905, 2.2360612301087932, 0.00023171777998165236, 5.8226240072648367e-05
56.738578217297267, 8.7121952709833579, -0.00011068619028881758, -0.00030021042204242957
59.983781264470089, 7.18023565504999, 0.00021719317338607193, -8.4543554705274776e-05
22.479249082063184, 3.445810794591134, 0.00014212480585668836, -6.1586802778906599e-05
57.00694365639562, 8.8252743828464482, 0.0001439427114374319, -0.00038847684811984813
36.576386918249575, 14.172446079765768, -0.00036133550280169157, 0.00025362390173176968
50.948091624462322, 11.449483992460641, -0.00034589251505743983, 4.6420554777021949e-05
51.159797083897814, 11.469579347859774, -0.00013434776741525837, -7.1306125632122813e-05
53.770460249163868, 9.6800762877558331, 0.00079578216710864721, 0.00051916755099157177
56.200033275249929, 9.500302016175322, 0.00055693352348071756, 0.00019779356302107817
58.725828757001153, 8.0019791115572918, 3.5948380307756202e-05, -0.0001537286110781178
30.177967660531959, 12.829092179503416, 9.8071505000800891e-05, 0.001032103076743511
42.690007349943713, 12.725446364270793, -0.0011545260623853826, 0.00032675390258754219
45.93494209274148, 12.041696265311787, -0.00088857999761656858, -0.00040103133422065109
28.163090505432763, 10.911609996103104, -6.2764286857814721e-05, 0.00029862620435283546
43.103035935019648, 13.281469243365557, -0.00085061766255133358, -0.00042795367663127967
29.152708405322095, 12.967885426440288, 0.001311383410721168, 0.00035958683243502885
59.63684070962158, 6.6803971582985984, 0.00021426306625818892, 0.00024787096102395808
36.413544199291351, 13.471357618318635, 0.00011380323617328242, 0.001218084406414237
44.770665614851367, 12.690190434421577, -0.00040778341840197577, -0.00052043234320174343
50.427439993126811, 12.162820115639168, -0.00039332306046206044, 0.00027323467314161902
62.230014917997657, 4.8910178814538074, 6.0091437406404721e-05, -0.00016670022529107165
59.171214233714636, 8.0608243108224098, -4.6243799353690421e-05, -0.00016217436368679073
44.694649019815309, 13.427235872962664, -0.00034805760111045745, 0.00056838273628517398
28.525839817307052, 10.62945588986946, 0.00024467277223332333, -2.9372457591423025e-05
23.094821219751033, 8.2600407863666767, 0.00077706552666255554, 6.5207186128027136e-05
28.387108219355699, 12.529499728156484, -0.00066878818695361006, 0.00055835051786846609
62.204395314683467, 5.2884021666626611, 0.00016526595423711524, -9.61789432139538e-05
37.459643857609521, 13.932780650710376, -0.00085859538056570414, 0.00081627635919528745
54.085374968757883, 10.664991458207396, -6.0112704131652346e-06, 2.3302833368080126e-05
27.039639488044727, 10.473122061258623, 0.00023432405436277215, -0.00059788120348709694
52.808914729912402, 10.326507094503524, 0.00046770537290610477, -0.00074594819768734042
59.289310233170923, 7.7985031001430603, -0.00028982067601863938, 6.6870683244476636e-05
46.927415434556856, 12.845835673908141, 5.192413348251981e-05, -0.00014128484170253247
59.388826578823426, 7.2452998747063839, 0.00039160698490537684, -0.00018974884273738942
36.996442451407255, 13.687798904682959, -0.00012355311532383567, 0.00015874941171593296
50.899227849791409, 11.019989170925914, 0.00061733436006072004, -0.00069526916779616053
42.284288347872064, 13.321454804266157, -0.00016767150567974313, 0.00017963063735403488
31.862949674025394, 12.833083256438304, -0.00011774142340486217, 0.00028703828190010269
41.823505777866941, 13.712979530495847, 0.00055542326385145098, -0.00016224907649993293
29.149553019980971, 12.184220281926681, 0.00061853016576849794, -0.00095594866259553863
62.505049344675669, 5.2283127833412788, -8.1882592479261032e-05, -0.00016520055480272617
41.288584322549703, 13.743843273090841, -0.00028426325903474698, 0.00047939558814375161
58.620183557780287, 7.2862463692149735, -0.00034834485315701405, -0.00053079760553642261
55.189091728463517, 10.244525955964644, 0.0001301217309506012, -3.9207051114530441e-05
39.951075922614336, 13.712128800552833, -0.00014817891367591583, -3.0798092722099386e-05
41.655589002417557, 13.16558107804507, -0.0013011485016033851, 0.00021106508075938074
42.012183502402813, 13.507943106464582, -0.00033142476146089291, 0.0010282120562646073
55.787887507964918, 9.1331072351249709, -0.00041605733106792487, -0.0006132469300762774
42.605854953366993, 13.633392395168306, -0.00013126583924751861, 2.0734848221610976e-05
41.333625332532833, 13.056205965653241, -0.00089956651181679909, -0.00036236167541612273
21.909219628181908, 7.8126128979682088, 0.00065748686437690934, -0.00024999707018290383
42.603153529144087, 12.776376961358558, -0.00099493375946477594, 0.00036103594065864874
38.171406682148252, 13.627905310426918, -0.00035668911684702781, -0.0013782441630596348
50.822153504029153, 12.09920081877909, -5.0507952941543569e-05, -0.00011376930848889822
28.313863741666118, 12.80995256427309, 0.0010305850937704967, -0.00041791818193496647
31.116291293130896, 13.446997202829358, -0.0004238649781232453, 0.00093920598830924198
57.430360597949623, 8.5002010301359423, -0.00049996937525575904, -9.6019238196253591e-05
51.343996677170182, 12.013189735638822, -9.0546201018626671e-06, 8.7759055802833338e-07
