1,3,16.08642241799485,57.931660179306981,-141.6340396809353,6.3318396051594528,1,3,16.116774101625197,57.942138466625117,-141.61178989842273,173.66816039484053,63.922696717915514
1,3,31.450297576338581,14.85462028008879,19.611702794383692,6.1688273223073891,1,3,31.470511933294347,14.865116306925836,19.660955762823303,173.83117267769262,65.712634923797779
1,3,27.593688049195698,24.994229594591587,-52.367986014421128,5.700682039219207,1,3,27.600365867240271,25.017882208107675,-52.329398374164491,174.29931796078077,63.046975357048623
1,3,16.561210774938949,57.007626222778384,163.63936041076664,6.550665842137696,1,3,16.597774969630336,57.019334741957586,163.65888112181145,173.44933415786232,64.533224289867263
1,3,19.625408855198177,47.976800071017401,155.03573025548414,6.2016151263625465,1,3,19.636160731652581,47.990551873837468,155.02733318509132,173.79838487363745,62.878736809725957
1,3,6.5577691066182737,86.037922899449896,-8.4545954754923898,6.1204323260363571,1,3,7.361171384050067,86.677125041937956,-8.8088042433002851,173.87956767396363,64.949767519140678
1,3,31.900842821361362,4.4400496164040515,74.46485118522088,6.2373772226149837,1,3,31.911480179252976,4.445347403926573,74.627554147765508,173.76262277738502,64.15260412585404
1,3,18.852256688346756,49.562475995624325,-15.577656657889445,6.3865715448743758,1,3,18.86656612620709,49.560002895524903,-15.563278107876826,173.61342845512561,63.198122405424321
1,3,28.91108035331461,24.02011509033294,-4.6288879470717497,6.3382118331874739,1,3,28.922278471719437,24.035630220209093,-4.6161839323255132,173.66178816681253,64.938272868120023
1,3,18.226020355142033,52.255164961080141,99.296094104534859,6.4853564583714824,1,3,18.246427828494689,52.227950891462477,99.214908497398511,173.51464354162852,63.801389508717868
1,3,12.409702102273586,68.22329619300244,-76.41797593993428,6.0140513972540939,1,3,12.459576719563302,68.167247460419958,-76.408776850082276,173.98594860274591,63.767016240620606
1,3,26.353240735723816,31.118149819360248,18.857414297526937,6.4198790251312898,1,3,26.367136428386402,31.122713838579799,18.832367449235051,173.58012097486872,64.284303417414435
1,3,16.453866791941156,57.007084709675873,-107.12437795925993,6.4919522083194652,1,3,16.480558074666533,56.949051022548815,-107.20971697614164,173.50804779168053,63.949679014775043
1,3,12.768712189883219,67.290927640969088,-78.172908402417278,5.9376963047716691,1,3,12.851131544638065,67.223221259251545,-78.159227975278782,174.06230369522831,64.819549291285668
1,3,23.661029088432432,38.453074911597135,139.42335759106834,5.9650225953372855,1,3,23.673029480604782,38.455246356473225,139.3990546360323,174.0349774046627,63.98149419949457
1,3,10.080125479471494,75.15779682325747,-91.102591469953893,6.0508747994896463,1,3,10.162350012334628,75.213291678610418,-91.136492939507463,173.94912520051034,63.577188233437219
1,3,28.271841787654498,23.339476144360447,-1.0148336208089253,6.377367656277352,1,3,28.283788337119859,23.372835826417496,-0.99978029770313492,173.62263234372264,63.380475514694858
1,3,23.097879107469826,38.840818441094342,-45.766022845933705,6.15551372434863,1,3,23.103729856732571,38.845855349386156,-45.768525335769176,173.84448627565138,63.118594168336109
1,3,23.712226864091829,39.895245887564819,28.091124625031817,6.3767687379636744,1,3,23.741627850745317,39.90559879914548,28.010724106060124,173.62323126203631,65.673871077168712
1,3,13.829722648252618,63.471341854313138,178.50798689098806,6.2069865652209115,1,3,13.839922317589298,63.453127455265331,178.49804137330923,173.79301343477908,62.51528812981298
1,3,28.849921787276539,19.231675890028043,-116.6616374047026,6.3046785892285087,1,3,28.863764648534016,19.239774017250113,-116.68403348296034,173.6953214107715,62.470348454683737
1,3,16.686083691374641,56.668272006499684,-154.28568312189469,5.9395397697342442,1,3,16.724156719164966,56.734489659582785,-154.35060977928188,174.06046023026573,64.513543211246471
1,3,19.96837585370286,46.478725806891809,-84.036406314357265,6.0669981344479895,1,3,19.971912179939864,46.462252476306169,-84.050442444842759,173.933001865552,62.380686124158544
1,3,22.218987969721095,42.344484248328349,115.32000708420422,6.635155457063262,1,3,22.2411130647356,42.357815683864906,115.37519893671654,173.36484454293674,64.304544206182612
1,3,8.5277134603737466,81.063289848412794,-171.84829567036903,6.5572341647439165,1,3,8.8245456356967225,80.998439455347651,-171.98799238626816,173.4427658352561,65.654652295908974
1,3,11.896847012321057,69.095021626837706,-49.743545023285684,6.1265496017112824,1,3,11.939162938184836,69.161576492173566,-49.750120807867624,173.87345039828872,63.701905033815677
1,3,30.942229716175202,8.621878851331175,-76.583323645737138,6.0351764835413046,1,3,30.947863669152866,8.6362126331863944,-76.740134069358731,173.96482351645869,63.052099219531442
1,3,28.969048157315399,21.791911845161607,-65.091347549442688,6.3138029551854888,1,3,28.977344868570981,21.767643893069675,-65.0269571223794,173.68619704481452,63.79958046029094
1,3,26.157646216755008,29.864340528815063,-146.54314009370495,6.057565655499741,1,3,26.163415628948769,29.860335469081736,-146.52678860132653,173.94243434450024,63.057530783448534
1,3,15.255916378431621,60.998068984992976,-99.224014755689922,6.224762475908852,1,3,15.308262039206511,61.004685521676763,-99.148701164616426,173.77523752409112,65.376987593442692
1,3,22.879749924545482,40.806408298826355,20.371032641154081,6.5867666484605847,1,3,22.896849333054888,40.824068029742186,20.333462824213818,173.41323335153942,64.070624348942886
1,3,13.521633202111333,64.078417024753278,52.272948769996937,6.2527357973735347,1,3,13.535384461053127,64.160804639247317,52.189911132495624,173.74726420262647,63.099600259640908
1,3,4.9368867994224912,87.703790310546708,-97.731059701855642,6.1135938181986562,1,3,7.124015254884398,88.534769424864265,-96.512066557060891,173.88640618180133,65.968393066621786
1,3,26.934880817872752,26.762368210377225,-136.41411244220802,6.4757702391795178,1,3,26.938839770285995,26.767890448684955,-136.4119507944138,173.52422976082048,62.536159828333354
1,3,16.381295272906268,57.073042213993332,-162.88638038392702,5.8511294466882662,1,3,16.413778399736657,57.099169058759067,-162.89672801941003,174.14887055331172,64.282576054515417
1,3,25.969400272602567,30.477686193572385,-106.95344685926906,6.4493631613015063,1,3,25.977960635303589,30.493968014672156,-106.93407945781856,173.55063683869849,63.1079498244492
1,3,13.583474503626086,66.006795788774085,139.78952797651331,6.6943441570587492,1,3,13.666324725411869,65.960237788533519,139.69980096346728,173.30565584294123,65.739410636316492
1,3,26.369537640708359,32.227399707824858,70.77024295484604,6.3255598778399973,1,3,26.385868803877202,32.260073006422168,70.724619201080657,173.67444012216001,65.162285348496724
1,3,24.780843788927459,34.923814170454605,-168.2435463932411,6.5288788561990714,1,3,24.79821923349391,34.925976999547068,-168.25572093099325,173.47112114380093,63.128931531258793
1,3,15.223804443132604,60.240631741202627,26.140896950567409,6.2197130232261104,1,3,15.258154399640716,60.228676232665208,26.186764424891312,173.78028697677388,63.959052674327395
1,3,24.749663882773742,33.681991470145547,-23.23670631561248,6.4191717259245484,1,3,24.754432116207226,33.667715395243654,-23.230944719780648,173.58082827407546,62.92930821674139
1,3,27.133233035291703,26.468173503188929,-173.41849620472794,6.6298106237769101,1,3,27.14035844003547,26.560857363637471,-173.29472667782781,173.3701893762231,62.93660803546846
1,3,6.9121678697864768,86.649267476998816,47.231196565840264,6.3628165080068353,1,3,7.0371147943228607,86.685611486181926,47.165520259638996,173.63718349199314,62.486532958055072
1,3,28.425342922917572,26.446972742863764,-92.645054991476741,6.3617462362954083,1,3,28.448059668366568,26.415804298839031,-92.640931965617312,173.6382537637046,65.428959508710506
1,3,12.710773593607639,67.687276950736702,97.56958822822557,6.4605608182547307,1,3,12.785000240079171,67.620925056709055,97.576099276133917,173.53943918174528,64.705536547680708
1,3,26.456973085097637,31.302308576410063,146.10871418643242,6.3680842843981988,1,3,26.470386920783312,31.320742195498251,146.0612985859419,173.63191571560179,64.584946153809412
1,3,31.425279825383424,13.572428478903964,46.047132614020803,6.5011296627869948,1,3,31.440989398878628,13.55758110729534,46.059451166767523,173.49887033721299,65.249353406853217
1,3,20.590815088105384,48.038988872713311,128.65087210153132,6.0464531162038861,1,3,20.628718954567375,48.069704753695497,128.63857460032085,173.95354688379612,65.755497273018506
1,3,8.1209083179340773,81.438358358088266,-139.70973375779425,6.0786733048486594,1,3,8.176339644654945,81.509012270669189,-139.67064048063605,173.92132669515135,62.49849220293423
1,3,18.859051501960085,50.60529684535058,120.49258947723978,6.1168056014581813,1,3,18.884918999277488,50.674499058570525,120.45720292037092,173.88319439854183,64.124066402961844
1,3,25.009496561926504,33.463538266173089,110.36858421371132,6.4453312565862166,1,3,25.023361842183476,33.447531436001505,110.31166661421567,173.55466874341377,63.180371435243984
1,3,18.933922410309759,50.307219717295148,-129.55756342288404,5.96944989105691,1,3,18.947743294630072,50.264932000407313,-129.55777447901232,174.03055010894309,63.586670344960048
1,3,19.477200325760425,49.561853370803661,130.17115104991876,6.4814860534319596,1,3,19.504804623008113,49.607830613208961,130.11150326897737,173.51851394656802,64.459038441037805
1,3,10.036632799879383,75.749638148840347,-81.118657804286215,6.101252060666023,1,3,10.167762399332332,75.731570357821226,-81.098312459550513,173.89874793933399,64.753679019663295
1,3,20.860880734505841,45.28620182656509,154.71075264798537,6.2811358997155899,1,3,20.875219031972847,45.295705752715349,154.72778605517865,173.71886410028441,63.52964493788383
1,3,13.450376664102876,63.866186367318768,117.95384352448858,6.0136469459317228,1,3,13.460208735707056,63.869705972960503,117.96881078531774,173.98635305406827,62.7571276251848
1,3,30.5359473896205,14.035829473468207,70.334738150348116,6.1713375136675426,1,3,30.546823149215015,14.068211883922457,70.337590201340376,173.82866248633246,63.718228644499213
1,3,29.655487872583407,19.77762489468773,-107.51820297093863,6.5396644666346369,1,3,29.668108450116051,19.895258463811924,-107.35935306140105,173.46033553336537,64.337046595449863
1,3,12.733721524079606,66.01968024103239,-11.349172640801305,6.5563798204214621,1,3,12.754016162545213,66.023750175025626,-11.363831919020301,173.44362017957852,62.645980767141992
