54.4213, 2.61345, -2.15203, -6.16444
56.4081, 1.3964, -0.632771, -0.803894
55.3561, 0.500276, -2.90271, -0.00290385
52.3006, 2.50998, -10.1605, 7.98459
54.8777, 1.77153, -2.33105, -2.98026
55.6085, 1.70211, -0.535207, -2.0297
54.3573, 1.052, -0.0693057, -0.76335
56.3399, 0.328888, -0.652525, -0.0588513
54.056, 1.18363, -8.55261, 2.36504
54.6952, 3.19262, -4.12074, -6.99784
55.5615, 1.32097, -0.969525, 1.38598
52.663, 0.606081, -8.77531, 1.73767
54.698, 2.97217, -5.7524, -6.99375
55.2607, 0.904675, -0.833018, 0.980458
55.5689, 0.795032, -0.393321, 0.0712816
54.8357, 1.01297, -7.07593, 1.72031
51.4083, 2.25105, -9.23386, 8.07762
55.1161, 2.52449, -1.59073, -3.94509
54.8662, 1.96379, -5.66783, -3.53075
53.2237, 0.952962, 1.8436, 1.56253
53.9328, 3.19597, 0.419459, -8.13823
53.8882, 0.821483, -3.60716, -1.53914
54.9594, 0.820979, -0.0684161, -1.15732
54.7991, 1.42265, 0.141923, 1.97112
52.9656, 0.237328, -5.45981, 0.261522
54.1916, 3.21751, -3.00353, -7.87016
55.8273, 2.70794, -0.524149, -3.82839
54.1421, 2.28107, -2.8207, 5.11103
53.7047, 2.25651, -5.73519, -5.74973
54.3688, 1.2874, -1.46058, -2.28508
54.675, 2.23174, -4.90816, 5.53541
53.8639, 1.83562, -1.03041, 0.861167
52.567, 2.01019, -7.8658, -6.79784
55.1919, 2.68524, 0.333912, -5.08351
54.7464, 2.86521, -0.757898, -5.80685
54.6009, 1.76232, -0.87737, 0.497443
54.6216, 2.7054, 0.0765156, -4.85965
51.8277, 2.15315, -8.07604, 7.28361
53.8442, 1.6545, -8.65044, 3.73778
55.0087, 2.0416, -0.036664, 2.78104
55.6833, 2.33244, -2.23485, -3.4318
53.7963, 1.43741, -0.103392, 1.42771
54.0819, 2.28449, 18.0979, -2.66245
55.152, 2.56712, -0.0544059, -3.79566
54.5486, 0.432617, 0.0482991, 0.396816
52.9923, 0.328537, -7.23555, -0.287266
53.5204, 2.1652, -0.018528, -4.0849
54.9793, 2.06095, -6.40502, -3.11094
53.1806, 3.33518, 0.497113, 9.80523
54.7459, 0.92309, -3.76459, -1.31102
54.2816, 2.76796, -0.149166, 6.04987
51.9031, 0.848089, -10.1448, -2.31682
53.722, 2.4203, -4.90694, 6.42129
54.6247, 1.39834, -0.0477993, 1.63157
52.7977, 1.59821, -4.57238, 4.61107
55.515, 3.15698, 0.317695, 5.56128
53.8447, 1.85806, -1.54459, 2.41353
53.9199, 0.741504, -5.6371, 1.20467
54.4613, 1.91979, -0.085216, 3.67163
55.1761, 0.708273, -4.51462, 0.50434
54.9116, 1.50604, -0.423859, 1.52948
54.7544, 2.41436, -0.241804, 4.46397
52.9069, 0.931394, -8.38448, 2.43088
54.4253, 2.40556, -0.00498165, -4.71704
54.7336, 1.73958, 0.106325, -2.63163
54.2903, 3.00473, -2.87517, 7.22348
54.8655, 0.635975, -3.73607, 0.653723
52.8177, 5.59847, 31.0111, -5.90141
54.9828, 1.21454, -0.0593386, -1.21811
54.4857, 0.952309, 0.131886, -1.22302
53.2119, 0.729891, -9.01845, -1.72096
54.4745, 1.06957, -0.0210124, -1.70719
53.3492, 1.15484, -5.77013, 3.21799
54.5473, 2.44636, 0.441637, -4.51363
53.976, 2.32439, -0.052862, 4.49721
54.3173, 3.10442, -1.33237, -6.79556
53.6113, 3.3927, -8.23771, 9.43052
53.604, 1.26856, -7.18641, -3.0853
53.602, 3.42362, 0.837691, 9.1171
55.4656, 1.66756, -3.14354, -2.52344
52.9556, 3.96215, 23.2764, -8.21914
55.85, 0.551022, -2.30799, -0.234264
52.9653, 1.80946, 0.0621274, -2.9092
53.4771, 1.18241, -8.73966, -3.18715
54.6364, 0.663044, 0.166595, -0.272291
55.6496, 1.66326, -0.850553, -1.70165
53.7607, 1.58461, -0.677544, 0.132664
55.4395, 3.00231, -0.931223, 5.28904
56.0879, 1.33072, -0.202146, -0.80219
55.185, 1.95694, -2.99857, 2.94187
55.0113, 0.7873, -0.570527, 1.06914
51.9009, 1.12067, -9.4483, 3.83557
53.4452, 3.09242, 0.950245, -8.67076
54.0082, 2.05366, -0.411812, 3.34514
53.3543, 0.502893, -6.91988, -0.933767
55.0716, 1.91286, -0.177747, 2.47955
54.0513, 1.59204, -0.964153, 1.22381
55.5851, 1.59542, -1.45783, 0.351233
53.9489, 2.15631, 0.0275209, -3.77791
55.8948, 0.670607, -0.382635, 0.440235
53.6692, 0.934079, -9.15339, -1.90495
55.23, 1.00628, -0.353779, -0.19293
55.0143, 0.408275, -3.05749, 0.114373
54.2683, 2.84194, -1.73493, -6.1953
54.5503, 1.09367, -0.192786, 0.722346
53.1358, 0.998306, -10.0456, 2.84635
53.6189, 2.01146, -2.88536, -4.69343
54.838, 0.828594, -0.234582, -0.2033
54.1282, 1.28301, 0.00517884, -1.77304
52.8616, 0.281368, -7.95876, 1.31692
55.0469, 2.1653, -1.28627, 3.56438
53.3526, 1.01765, -5.37148, -2.01383
53.2398, 2.24503, -4.64193, 6.63664
56.063, 0.603446, -1.27316, 0.302615
53.6029, 0.464713, 10.119, -0.293198
53.2076, 3.21948, -7.99214, 9.42471
54.7749, 2.49035, 0.182759, 4.95443
55.962, 1.40301, -2.85753, -1.2042
55.5286, 0.990447, -4.64895, 0.976765
54.0358, 3.06589, -1.01889, -6.68236
55.4101, 1.46356, -2.40139, -1.71736
54.6479, 2.70402, 0.273979, 5.36718
54.8309, 0.615334, 0.0259639, 0.61327
54.543, 2.09771, 0.217468, 4.11925
54.4216, 2.5443, -0.00766267, 4.8274
54.8171, 2.05764, -0.255205, -1.87322
54.1572, 2.54145, 0.564215, -6.34745
53.576, 2.99509, 0.796735, 7.91318
54.1334, 3.61342, -3.17012, -3.2584
55.0197, 2.07764, -1.15893, -1.74912
53.6375, 1.76985, -5.19242, -3.22602
56.3111, 1.64479, -0.410079, -1.05794
54.9828, 1.57851, 0.0788968, 2.38933
54.5143, 0.565714, -3.92255, 0.0988525
54.123, 2.59178, 0.509925, 6.16204
54.2243, 1.62396, -0.399128, -1.86574
55.028, 0.1977, -0.121092, 0.0758412
53.7423, 2.52927, -5.21483, -6.65787
52.2889, 0.425206, -7.01957, -0.9063
54.7762, 0.237676, -0.21647, -0.4746
55.3888, 0.907795, -0.0258331, 0.879531
55.0936, 2.93492, 0.323115, 5.13088
54.998, 2.478, -0.0175689, -3.8162
55.1763, 2.42698, 0.157002, -3.91147
53.8138, 2.04806, 0.19377, 1.59169
52.8242, 1.97114, -7.30924, -6.16969
54.4269, 2.37887, 0.359987, -4.99653
52.8007, 3.28302, 1.19007, 9.84009
53.107, 2.22798, -8.56404, -5.96576
55.0565, 1.93228, 0.149745, -2.80214
55.9902, 0.545767, -2.08706, 0.242773
55.962, 1.16568, -0.44148, -0.797388
54.6788, 0.641733, 0.0306138, 0.497968
54.8682, 0.945705, -0.149247, -0.464779
55.9582, 0.530153, -3.85885, 0.29735
52.3605, 1.62796, -11.6334, 4.90067
53.6499, 1.15052, -9.69773, 2.92864
55.8743, 2.44124, -0.907645, -3.0173
55.1257, 0.743585, -0.195604, 0.996273
50.9717, 0.57882, -10.246, 2.70279
54.0571, 2.17024, -5.55354, 5.02007
54.6134, 0.702676, -3.05465, 1.29733
55.7023, 1.08172, -0.278552, 0.784268
52.7754, 2.88419, -8.81174, -9.33521
53.1273, 0.678722, -5.40852, 0.908275
53.9149, 3.76106, 0.666653, -8.52876
54.8823, 0.492673, -3.85268, 0.296433
55.0409, 1.03582, -1.55354, -1.33999
54.9448, 1.3816, 0.0665633, 1.9109
54.8469, 3.04281, -0.926137, 6.57429
55.3086, 1.47306, -0.8299, -2.05332
53.2816, 1.42784, -6.20393, -3.8777
52.7561, 0.606532, -10.802, 2.02916
53.9461, 0.610419, -3.72334, 0.994269
53.3782, 1.81783, -8.24523, -4.99798
53.4702, 3.29423, -4.13624, -8.72565
55.3005, 1.43657, -0.513386, 1.1934
54.7103, 1.28507, -0.0182375, -2.09596
54.7833, 1.4239, -0.625697, 0.782204
56.1736, 1.53509, -0.426827, 1.22681
54.3464, 2.51869, -1.31528, 5.34815
52.9484, 0.148562, -12.2299, -0.575335
55.4494, 1.14269, -4.0701, -1.62465
52.7387, 1.16578, -6.21943, 3.06855
53.4587, 0.642369, -6.8855, 1.35019
52.8772, 1.90697, 6.08521, 5.22514
53.7704, 2.93202, -4.0668, 7.19131
56.0694, 0.881124, -0.365013, 0.500868
53.9444, 2.18788, 9.6862, -5.36669
55.3626, 2.01949, -1.95228, -3.39942
55.082, 2.74816, 0.261409, -4.8204
52.8724, 1.34878, -7.81084, 3.83411
55.3115, 2.63197, -0.00663187, -4.36417
54.5067, 2.99677, -1.06317, 6.36329
54.4098, 1.11493, 0.107545, 1.80207
55.5488, 0.808684, -1.67329, 0.833191
54.9684, 2.36344, -3.75994, -4.29947
54.3703, 1.52323, -2.35679, 2.72417
56.279, 1.05625, -0.922097, 0.481763
54.8178, 0.617547, -2.01297, -0.748143
55.6564, 0.22952, -2.18933, 0.0031938
55.8225, 0.316775, -1.60999, 0.134756
55.5787, 0.444312, -4.25804, 0.138081
54.6135, 2.36712, -0.969105, -4.32298
55.1801, 1.16363, -0.333331, -1.18207
52.6252, 2.09919, -9.58314, -6.3913
54.7061, 1.2433, -2.30316, -1.76421
53.0156, 0.659679, -7.02423, -1.53335
54.411, 1.88159, -3.73935, 3.60756
53.0579, 0.227297, -8.75092, -0.124221
53.4637, 1.64252, -1.60118, -0.392546
53.5081, 1.70917, -0.303247, -2.34682
54.7185, 0.556574, -3.47686, 0.486178
55.2738, 2.4285, -0.049928, 3.82522
54.5718, 1.04887, -6.57427, 1.99407
54.9982, 0.694387, -0.300181, 0.885175
52.992, 2.28628, -10.2415, 6.50681
55.3375, 0.794802, -0.698509, -0.932305
54.7872, 2.13424, -1.99392, 3.67216
55.1249, 3.18797, 0.114041, 6.41437
53.5197, 1.11498, -5.10995, 2.69392
55.6141, 2.85963, -2.92644, 4.93913
54.3758, 1.68032, 0.102919, 3.13157
55.8766, 1.99466, -0.92581, -2.20018
53.7799, 2.64626, 0.548034, -6.2932
54.6244, 2.16401, -3.14287, 4.69731
56.1258, 0.881749, -0.364958, 0.291512
52.465, 3.0829, -8.23666, 9.55333
55.0913, 1.00654, -0.762361, 1.17912
52.9738, 0.979425, -4.82314, 2.08799
52.4578, 2.11509, -10.8351, -6.41225
54.7359, 1.76795, -1.89019, 3.06975
55.8619, 1.91437, -0.557588, 2.11164
55.5267, 1.48167, -0.941208, -0.783791
54.713, 3.08312, -4.19801, -7.32653
54.929, 1.97342, -1.66614, -0.855607
56.2513, 0.409267, -0.361933, -0.131351
54.7715, 3.79322, 0.592164, 6.43019
52.647, 2.38492, -5.44575, 7.23072
51.6434, 1.43651, -10.7145, 4.78073
55.4233, 1.30423, -0.082448, -1.31068
55.437, 1.68544, -0.0637723, -1.7158
52.897, 2.22476, -9.8349, 7.07954
55.3662, 0.41451, -2.17312, 0.0467872
55.31, 0.524251, -4.61238, -0.110131
55.2389, 0.988736, -2.91029, 1.11794
53.6391, 1.04474, -4.86679, -2.13951
53.0651, 0.73812, -10.1312, 1.49337
54.239, 1.15903, -0.0524745, 1.45642
54.3824, 2.5363, -1.28556, -5.52391
54.7093, 2.17253, -3.42466, -4.06024
54.6708, 1.90022, -0.90949, -3.29723
55.8627, 2.66028, 0.169064, -3.4417
51.0811, 2.637, -9.34767, 9.96586
55.7156, 0.563243, -1.47363, 0.380393
56.1767, 0.650354, -1.03481, -0.299631
53.599, 3.16958, 0.935913, 8.0872
55.0078, 1.45497, -4.46747, 2.39737
53.6873, 3.18446, -8.72696, -9.1571
55.5061, 2.07458, -2.46028, -2.78409
52.8202, 0.785901, -7.59477, 2.08856
52.7244, 3.00614, -8.46838, 9.13632
53.5553, 1.02774, -7.37309, 2.42575
53.7868, 2.46684, -0.0469543, -5.47615
55.62, 2.2777, -2.63589, 3.2898
55.8198, 1.02704, -0.737961, 0.157899
53.5991, 1.63, -4.96247, -4.26597
55.5349, 1.48846, -0.889, -1.72114
54.8683, 1.09476, -4.7144, -1.56834
54.7419, 2.45901, -1.89169, -4.77595
54.6402, 1.08316, -5.76311, -1.75128
55.4366, 2.80842, -0.466071, 4.96022
56.2776, 1.01534, -1.28316, 0.435326
55.2743, 2.42464, -0.228924, -4.10483
53.2438, 2.76861, -0.27303, 6.39139
54.6512, 3.51723, -0.0414072, 7.16786
53.2063, 1.26499, -0.203208, 0.421739
53.1129, 3.35867, 1.05438, 9.72968
53.9615, 1.73939, -2.72711, 3.76873
53.897, 3.33844, 0.77593, 8.80902
54.2679, 3.16009, -5.79651, -7.8063
52.1472, 1.82777, -8.10153, 6.96027
52.3159, 2.5506, -8.42031, 8.22504
53.0093, 0.505576, -10.3236, -1.15588
54.2442, 1.36751, -2.22022, -2.69216
54.2673, 2.63014, -7.74046, 6.39148
53.8137, 0.585607, -4.54119, 1.02356
53.9088, 1.80922, -5.81998, -4.26945
55.7329, 2.55819, -1.22632, 4.00627
53.1431, 5.22511, 31.2314, -5.57105
55.0619, 1.35333, -0.779029, -0.0755957
55.238, 1.81556, -4.75887, -2.59649
52.6907, 0.637405, -10.7071, -1.57703
55.6196, 2.44532, -3.72217, -3.62217
54.3397, 1.70364, -0.00136361, -3.37181
55.9871, 0.84178, -1.32595, 0.491712
51.7414, 0.243908, -8.96173, -0.654943
55.6335, 1.32168, -0.544131, -0.91693
55.612, 1.23019, -0.599554, 0.0546162
52.9651, 0.28967, -6.44672, -0.766371
54.4201, 1.59532, -7.14543, -2.86503
55.5622, 0.696971, -1.94955, 0.476507
55.6221, 1.93515, -0.0735489, 2.37142
54.6055, 3.21972, 0.130998, -7.05286
54.3609, 2.57638, 0.337504, 4.87722
52.6848, 7.93838, -0.642327, -8.69119
55.8656, 1.23482, -0.0131743, -0.729719
55.3213, 0.93399, -3.2446, 1.16314
55.1484, 1.19675, -2.80355, -1.48875
53.3043, 2.61223, -0.252994, -5.73069
53.8082, 2.61512, 0.193899, -5.63656
55.2529, 1.54041, -4.05553, -2.11996
51.5694, 1.21692, -9.48716, 4.11914
52.5565, 1.83362, -8.9658, 4.99531
55.2105, 1.53018, -2.17, -2.03043
51.3101, 0.493332, -9.62583, -1.55715
52.6272, 0.881759, -9.98994, 2.78025
55.2362, 1.81882, -0.943302, -1.57245
55.104, 1.65684, -1.27311, 0.0858087
54.486, 2.36518, -2.29422, 4.86072
54.1922, 3.04178, -6.37667, -6.26096
54.7253, 0.802799, 0.100226, -0.562198
53.9297, 1.91971, -3.80942, -3.83228
53.4103, 1.25356, -4.5779, -2.68121
54.0095, 1.56316, -6.26193, 2.75019
52.4292, 0.659529, -7.16578, -1.72585
54.9426, 3.03286, 0.451262, -5.66114
55.0577, 0.402706, -0.317793, 0.361117
54.6207, 2.83573, 0.324629, -5.57221
53.1026, 2.27873, -8.14666, -6.28406
54.3108, 1.79786, -5.08244, 3.35331
53.1644, 1.24805, -11.1651, 3.44556
55.0593, 2.21131, -1.11377, -2.39287
54.318, 2.89325, -0.0509688, 6.19696
53.4268, 1.76838, -0.0818487, 2.90548
55.0951, 2.15422, -0.598624, -2.22444
55.4949, 2.44835, -1.97682, -3.87261
55.7101, 1.83499, -0.1085, 1.92123
53.4954, 2.358, 0.501144, -5.32377
54.5797, 1.84391, -0.0613764, -2.90884
54.9161, 1.48097, -6.3039, -2.65535
54.4098, 1.65697, -0.779561, -0.666666
56.1623, 0.910284, -0.200749, 0.428059
54.9148, 0.890289, -0.0318069, -0.0591829
56.2153, 1.42778, -0.524511, -0.982629
54.3951, 0.33648, -2.08971, -0.35413
56.3695, 1.20274, -0.130755, 0.472095
56.1394, 0.767799, -1.14323, -0.360528
51.0917, 1.69404, -10.2475, 5.7383
55.6465, 1.09999, -1.58889, -1.02381
54.9448, 1.35824, -0.345347, 1.87622
54.7797, 0.67393, 0.0650049, 0.664317
51.9642, 2.11389, -10.1661, 6.97789
55.52, 1.72942, 0.0953212, -1.96694
55.5559, 1.02536, -0.0743769, -0.899477
55.6973, 2.43595, -2.47458, -3.55096
55.7446, 1.29311, -1.92136, 1.1817
54.244, 2.31598, -1.80229, -2.57553
54.469, 1.94921, -0.358041, 2.56469
51.3058, 0.60318, -10.6565, 1.12794
53.4523, 2.94216, 0.847604, 8.10981
55.5063, 0.943104, -3.05048, -0.839782
53.492, 2.19736, -10.4897, -5.72623
54.0669, 2.86504, -3.86654, 7.1336
55.009, 3.01042, 0.466957, -6.56461
53.5211, 2.00486, -6.19378, -4.79914
55.5141, 0.69078, -0.292018, -0.409637
52.8721, 0.578894, -7.58342, 1.06491
55.1033, 1.56089, -1.7905, -2.32639
53.0804, 0.249012, -7.53335, -0.285445
55.3175, 1.30277, -0.537431, -0.051299
53.0142, 2.59262, -6.38161, 7.93352
55.4445, 1.5248, -0.0296571, -1.42998
54.6046, 1.3942, -1.00151, 0.065391
55.8662, 1.30052, -1.94956, 1.16456
52.7739, 0.471468, -10.7801, -1.46852
54.3887, 2.39532, 0.145629, -4.59909
52.5523, 1.89544, -9.0544, 5.57506
55.0894, 1.00053, -0.381799, -0.72393
54.198, 2.77747, -5.22633, -6.58835
54.0519, 1.58214, -7.29485, 3.46525
55.0682, 2.11845, 0.18347, -3.3827
55.6246, 1.07344, -0.847665, 0.109145
55.013, 1.0645, -0.872735, -0.0463509
53.5682, 2.51517, -6.91879, 6.79061
54.5008, 0.544515, 0.066301, 0.435082
55.2858, 0.543, -0.0784371, 0.133438
53.8458, 3.2827, 0.510169, 8.09881
55.7226, 0.485404, -1.53986, 0.127123
55.2308, 1.71051, -0.691781, 1.5031
56.0573, 1.1669, -1.58646, -0.807895
54.0811, 1.40501, -0.413607, -1.04027
52.7592, 0.508294, -6.40234, 1.13227
55.109, 2.62522, 0.263365, -4.14061
55.0885, 0.464624, -5.01868, 0.506849
55.1102, 1.36724, -0.740425, -0.179218
54.5687, 0.939071, -5.31872, -1.22167
53.1195, 0.276261, -10.8476, -0.591155
55.0283, 1.65768, -0.748531, 2.38711
54.5435, 2.17415, -3.17586, -3.86612
55.1843, 2.74564, -1.56981, -5.16931
54.493, 0.535522, -3.77046, -0.383795
54.521, 1.81581, -0.892066, -1.59657
54.2982, 0.907919, 0.120042, 0.679693
54.4528, 0.355339, -6.80541, 0.512152
54.7854, 2.18522, -4.60812, 3.79998
55.273, 1.39297, -0.223886, 1.44055
55.1748, 1.05425, -0.465423, -0.0966106
53.9859, 2.52801, -8.06955, -6.3702
53.8431, 1.22333, -6.13646, 2.45212
56.3279, 0.482239, -0.20765, -0.00496714
54.974, 1.15045, -0.0206277, 1.02179
55.4779, 0.847226, -2.38262, -0.938997
55.0925, 2.02599, -2.75086, 3.09265
56.0256, 0.79961, -0.7501, -0.444909
55.2279, 1.53273, -0.398341, -1.31069
54.542, 1.56293, -0.833677, 0.0843123
53.3835, 2.80265, -6.29743, -7.66026
54.2959, 2.75906, -2.25752, 6.07567
54.3659, 1.84405, -0.965604, -1.71881
54.6576, 1.79249, -6.77954, 3.38546
51.816, 1.6452, -7.50631, -5.58315
54.1826, 0.971436, -2.54517, -1.84583
53.6475, 2.75258, -2.92828, -7.05704
54.6106, 2.88202, -4.81037, -6.24674
54.0692, 2.06698, -0.558222, 3.03862
55.0619, 2.80987, -2.19238, 5.54849
54.4139, 2.78724, -1.27261, 6.72576
53.8492, 1.35093, -5.95538, -2.93767
54.4632, 0.707474, -0.0314721, -0.628309
53.8045, 2.46088, -1.50513, 3.72101
54.8251, 1.91592, -1.17137, 3.9136
55.1111, 2.69695, -0.195212, 4.95779
52.6343, 0.907731, -11.3367, -4.0844
54.9636, 1.07139, -1.00837, -1.31978
56.0986, 2.61926, -0.746914, -3.23452
53.3832, 2.1091, -7.84198, -5.5274
53.0955, 2.99176, 1.74016, 7.60257
50.9834, 0.846165, -10.7763, 2.84508
55.1784, 2.10234, 0.816743, -2.29957
50.8021, 2.3686, -10.4473, 8.97699
54.4372, 0.552532, 0.0437531, 0.586162
55.0527, 2.67096, -2.97849, -5.13307
55.4614, 1.91943, -0.200684, 2.47779
54.9009, 1.72616, -1.00081, -1.17506
53.4618, 2.89373, -8.72145, -8.24893
56.3094, 0.410263, -0.412958, -0.182841
54.3092, 3.33378, 0.484291, 7.78082
56.0913, 1.23717, -1.92042, 0.773596
53.1103, 0.686871, -8.35825, 1.34353
54.0769, 1.77466, -0.282905, 2.67877
54.4122, 0.267636, -2.9517, -0.153117
53.3797, 2.71926, -7.82913, -7.7965
55.2052, 0.107852, -0.450948, -0.0457268
55.6763, 2.22533, -0.0669823, -2.7848
53.8372, 0.715933, -5.78244, -0.924634
55.7134, 0.407539, -1.18403, -0.24049
53.6516, 1.75493, -6.70464, -4.22499
54.2938, 1.24927, -1.88165, 2.00585
54.2631, 1.12314, -5.29367, -2.53896
55.7387, 1.30823, -0.754561, 1.17062
53.5051, 0.841248, -6.60854, 2.589
53.3334, 2.50602, -3.9016, 6.55341
54.4138, 1.70842, -0.706905, -1.23563
50.3351, 1.73238, -9.65298, -6.88887
55.4385, 2.48338, -0.660874, 4.17125
55.6448, 0.385152, -0.129515, 0.163307
54.603, 2.85799, 0.190538, 6.05708
53.3413, 1.8124, -4.84295, 4.4767
55.1334, 1.93618, 0.243436, 3.58229
55.5548, 0.791726, -0.299821, -0.814897
54.4196, 1.66486, -1.41291, -2.89192
55.0407, 0.504665, -0.973143, 0.635412
54.706, 1.93249, -1.95402, -0.517516
53.8115, 1.0269, -5.8257, -2.15257
55.8537, 1.76621, -0.137766, -1.69164
54.2562, 0.807144, -5.58293, -1.40864
54.1934, 1.75633, -1.12382, -1.14581
56.1723, 0.944938, -0.484386, 0.478484
54.4461, 0.981125, -2.94983, 1.62578
56.1216, 1.26643, -1.23785, 0.851408
54.7932, 1.05658, -0.211989, 1.7357
52.6306, 2.92894, -9.55423, -9.64821
56.1204, 0.825322, -0.36229, 0.448564
51.9912, 0.446562, -8.45678, -1.35978
55.3807, 2.77599, -1.90446, 4.46943
54.8121, 1.36328, -0.130775, -1.56306
54.9869, 0.612471, -1.61324, -0.723454
55.3563, 3.2614, -2.82788, -5.04907
51.0952, 1.21301, -9.25454, 4.81873
54.9166, 2.55024, -1.66524, -4.62903
53.7727, 2.71092, -6.80508, 7.30029
54.3891, 1.38925, 0.0492687, -2.19616
