55.8749, 1.32491, -1.7512, -1.09211
56.2824, 1.03481, -0.183247, -0.412554
54.678, 0.742612, -0.017205, 1.06418
55.1622, 0.5331, -0.380005, -0.649771
56.3973, 0.0835071, -0.40176, -0.0576617
53.5491, 1.18891, -0.238881, 0.9373
53.6545, 0.548186, -8.66921, 1.1836
53.9158, 0.618785, -6.91751, 1.17967
53.2746, 0.930744, -7.90225, 2.34112
55.8883, 1.53243, -0.683927, -1.52433
55.8487, 0.513241, -0.400443, -0.320605
52.6886, 2.47647, -11.0362, 7.93991
54.7313, 2.50602, -4.32781, 5.00633
51.7311, 0.195794, -9.32098, -0.469329
54.6715, 0.628222, -4.05614, -0.919747
55.1159, 2.39976, -2.06825, 4.12351
52.4298, 1.6971, -9.72505, 4.96417
55.1129, 3.135, -0.0719325, -5.73116
53.5474, 1.84744, -0.680311, 1.81757
53.9792, 2.55627, -0.147825, -4.92363
53.6419, 2.87872, -4.00224, -8.12604
53.8035, 0.745089, -5.23461, -1.05665
54.6305, 1.93548, -2.84557, 3.71547
53.9922, 0.929457, -7.1196, 1.77408
54.7754, 1.92685, -4.61831, -3.26824
55.0914, 0.129034, -0.578974, 0.224019
56.1961, 1.0479, -0.296788, -0.536768
54.1712, 2.49287, 0.153914, -5.33903
51.2592, 2.07877, -10.2197, -7.0553
54.185, 1.64907, -3.68949, 3.22831
55.1846, 2.28319, 0.126515, -3.53672
54.8659, 1.74597, -1.22503, -0.544485
54.8674, 3.27981, -5.70374, 7.20309
54.5974, 0.50333, -3.06844, 0.623159
56.0973, 0.699462, -0.222772, 0.0615738
55.772, 1.52293, -0.64573, 0.92458
55.6328, 2.28528, -1.51386, -3.42617
54.054, 1.60352, -0.523553, 1.68179
54.0293, 2.10363, -9.12677, 5.10487
52.4594, 1.78191, -8.25006, 6.35195
54.5513, 0.362428, -5.30603, 1.74465
54.0225, 3.31185, -3.95857, 8.42855
55.3039, 0.653574, -0.112958, 0.58766
54.226, 2.37601, -0.452413, 4.20692
51.018, 1.52159, -10.5484, 6.50836
54.6782, 2.50326, -0.56264, -3.84374
52.6198, 0.877581, -6.09894, 2.53814
54.7895, 0.760904, -7.5227, 1.12075
53.082, 2.55324, -0.536984, 5.32162
54.2985, 1.82389, -0.506609, -2.20056
53.3692, 3.10453, -3.76702, 8.89415
54.1584, 0.689013, -3.60496, 1.23455
53.9971, 2.50623, -2.75409, -6.0422
54.7, 1.41114, -0.361909, 2.13536
55.8373, 0.394457, -0.248913, -0.219424
53.7205, 1.29781, -0.382937, -0.43587
54.8579, 2.18136, -0.246646, 3.10666
54.7244, 1.87724, 0.209167, -3.29186
54.4503, 1.87452, -1.56464, 3.78989
54.988, 0.88312, -5.30711, 1.16423
55.08, 2.50027, -0.286938, -3.74847
54.6694, 1.92717, -7.11984, -3.88346
54.1285, 3.18613, 0.165464, 7.76093
54.2892, 0.248514, -5.38516, 0.670623
54.5738, 1.80602, -1.17719, -0.404079
53.6288, 1.1266, -0.241525, 0.079649
53.6847, 2.56191, 0.20741, 5.96242
53.8996, 2.1883, -0.287224, 3.74304
54.7967, 0.257434, -1.48403, 0.279656
53.8101, 0.230985, -8.73665, -0.6009
54.3321, 1.98278, -0.671237, -2.44458
55.3393, 1.0642, -0.0502299, -1.11355
55.5896, 2.08518, -2.57958, -2.91873
54.7348, 0.580873, 0.0413163, 0.496785
53.115, 1.72033, -6.72637, 4.66069
54.8484, 0.83639, -1.13678, -1.17689
53.8588, 2.54467, -0.107559, 5.23739
54.2913, 3.30107, -5.20238, -8.16491
54.1164, 1.50097, -0.416403, -1.32883
56.1251, 1.11643, -0.495341, -0.295846
54.169, 2.18983, -0.455415, -3.40527
56.3188, 0.764352, -0.15932, 0.204977
56.1825, 1.72721, -0.601069, -1.28252
55.3681, 1.79135, -0.733509, 2.52419
54.3714, 2.81501, -1.23351, 6.55091
55.2293, 2.30306, -2.26231, -3.6538
55.2525, 0.976286, -3.94924, 1.0303
55.1066, 2.21673, 0.179836, -3.48009
54.7913, 2.97535, 0.508577, 5.73362
51.6866, 2.4007, -10.753, -8.62852
55.4981, 1.37854, -0.239907, -1.17692
56.1945, 0.344123, -0.789314, -0.134237
53.6464, 3.4565, 9.94937, 9.0169
54.6497, 2.65096, 0.255062, 5.18467
53.9096, 2.91878, -3.85426, -7.05352
54.6759, 0.310041, -0.1408, -0.14798
56.0507, 0.753568, -0.220477, 0.215371
54.9786, 0.455998, -0.0627106, 0.44265
54.3491, 1.96271, -3.56388, 4.11971
52.3815, 2.66103, -5.82461, 8.77978
55.2122, 0.482667, -2.3864, 0.228343
52.2472, 1.20904, -9.99634, 3.81801
52.8867, 0.773188, -9.64913, 1.56211
54.3592, 1.34766, -1.46501, -2.30544
55.6725, 0.833716, -1.42251, -0.614777
55.6896, 0.31406, -0.977277, 0.181458
52.6849, 2.31317, -9.09232, -6.75868
54.8502, 0.72444, -3.48586, 0.566694
56.3013, 1.28999, -0.0971517, -0.520113
54.8869, 1.05336, -0.515197, 0.834519
53.0342, 0.109869, -11.5541, 0.0784115
54.9991, 2.09287, -3.67918, 3.90004
54.536, 1.89977, -1.55738, 0.203248
56.2478, 0.844986, -0.33294, 0.0975432
55.1949, 3.0603, -2.33611, 5.84286
54.7742, 1.39374, -0.0618141, 2.04188
54.7266, 3.06991, -1.4697, 6.59871
52.9642, 1.18741, -6.11943, 2.75458
55.4125, 2.27838, -0.13493, 2.94959
53.0748, 0.10204, -9.43361, 0.393385
55.8914, 1.31352, -0.0359141, 0.84599
54.878, 0.927979, -0.37282, 1.24844
54.1987, 2.48599, -2.3667, -4.89174
53.9597, 1.6987, -9.06336, 3.27637
55.4984, 0.654856, -1.48716, 0.492367
56.3488, 1.33807, -0.185693, -0.635012
52.2313, 2.55887, -9.48118, -8.39741
56.0268, 0.81557, -0.445193, 0.08062
55.422, 0.709003, -0.851488, 0.66918
54.8576, 1.71727, -1.58602, 0.212521
54.1574, 0.892639, -1.16361, 1.8354
56.0061, 0.582063, -2.23989, 0.278145
55.8406, 2.24412, -1.48957, 2.9931
54.6448, 0.518523, -0.0311309, 0.756888
54.1888, 2.80759, -0.901053, -4.11433
55.6603, 2.35311, -1.10346, 3.1179
52.8849, 1.14585, -6.90561, 3.27394
55.0046, 2.01367, -0.369842, -2.69491
55.6529, 0.457862, -1.17065, -0.298052
52.4782, 2.41317, -6.04319, 7.71576
54.9753, 0.976517, -0.582771, -1.32104
53.6101, 2.59757, -0.33628, -5.78591
53.1554, 0.397769, -8.32386, -1.11734
55.5167, 0.941569, -5.13872, 1.05228
52.8301, 1.92681, -9.80339, -5.61138
54.7411, 1.09701, -0.124915, -1.48174
53.6456, 1.43308, -0.228922, -2.10723
53.7669, 3.88704, 26.321, 0.627567
53.8671, 2.9171, 0.503583, 7.04537
55.6602, 1.53537, -2.79934, 1.46042
55.1127, 2.29112, 0.0361927, 3.75107
54.6806, 0.320601, -3.43513, -0.427913
52.0508, 0.765713, -11.3925, -2.36026
54.9902, 1.03791, -2.52186, 0.960343
53.59, 0.605743, -5.37012, -1.33357
54.3689, 2.47694, -0.617208, 3.93814
53.8032, 1.3382, -3.67585, 2.82738
53.7108, 2.62542, -3.3246, 6.8783
54.3307, 2.80182, -0.0273704, -5.77462
55.1134, 0.577042, -3.47261, 0.416256
54.1018, 0.90618, 0.181213, 1.46076
55.4418, 0.520053, -4.59515, 0.181402
52.84, 2.60593, -6.90605, -7.80163
56.1568, 0.464292, -1.8626, -0.182551
55.923, 1.08176, 0.0534132, -0.0695294
52.8289, 1.96706, -8.1982, -5.65481
52.4028, 1.38966, -6.8931, -4.17002
54.4466, 0.607379, -6.81224, -0.856153
53.1764, 2.11555, -6.7495, 5.72377
55.0386, 2.49562, -0.598164, -3.32733
53.4913, 1.03286, -5.43504, -2.22873
55.6897, 0.438161, -3.07634, -0.110795
54.9159, 2.05121, 0.109078, -3.1612
54.9478, 1.77334, -0.153885, 2.36554
55.024, 0.773802, -0.292304, -1.10101
54.8663, 1.08611, -1.20023, 1.45842
53.8652, 2.90878, -7.09123, 7.93844
55.0027, 1.25007, -0.588645, -0.259384
54.864, 0.835338, -1.52635, 0.981298
54.1769, 2.28171, 0.310171, -4.35116
55.496, 0.585572, -3.11661, 0.454191
55.5215, 0.436391, -1.40526, 0.334493
54.9572, 2.7559, 0.265032, 5.09978
55.1995, 2.85585, -1.08412, -5.51676
55.2131, 2.65261, -4.39471, -5.0461
54.1698, 2.30825, -7.35236, 5.5591
55.9441, 0.838838, -0.502837, -0.27945
53.6795, 1.20385, -9.29188, 2.73311
54.7053, 0.396354, -0.087724, -0.665232
53.6256, 2.55934, 0.184023, -3.77566
55.4417, 2.28113, -0.0869534, 3.56459
52.3117, 0.448814, -8.21508, 1.40218
51.9916, 2.47077, -8.68844, -8.51581
56.1964, 1.56019, -1.43965, 1.03912
53.7837, 2.8873, 0.55206, -6.89306
52.3677, 0.182235, -10.7349, -0.278763
55.5513, 0.826493, -3.25972, -0.667815
55.0904, 0.425097, -1.47962, 0.064453
55.4415, 2.60927, 0.186187, 4.14068
54.0839, 2.10666, -0.177834, 3.04914
55.5776, 2.00874, -0.063358, 2.27916
56.2869, 0.784523, -0.808722, 0.161954
53.0473, 1.83323, 4.87265, -4.52109
55.6853, 0.466502, -1.97327, 0.0698056
54.0397, 2.27705, -6.43279, -5.24736
55.8538, 1.27027, -0.220207, -1.1831
52.2176, 0.846566, -8.81366, 2.57794
55.6441, 1.20085, -0.50561, 0.601957
55.0484, 0.428926, -0.362011, -0.639036
55.2231, 0.9178, -0.523975, 0.174547
54.4303, 2.76203, -0.277706, 5.00113
55.1178, 1.14873, -0.224369, -1.18444
55.6649, 1.98471, 0.0425241, 2.46453
54.8432, 2.74551, 0.0443107, 4.96447
50.815, 0.852893, -10.9328, 3.19136
53.3288, 0.235612, -10.7907, 0.423394
56.0776, 0.530278, -0.248701, -0.21765
53.749, 0.393297, -3.44901, -0.203375
55.2297, 0.258022, -0.217054, -0.214425
50.7856, 1.01209, -10.3209, -3.47338
54.5413, 1.01906, -0.645323, 1.63788
53.9949, 3.18747, 0.409359, -7.28339
55.3694, 1.07159, 0.00325385, 1.1042
53.637, 3.22031, 0.951318, -8.45302
55.7799, 1.21038, -0.647756, -0.764326
52.4959, 2.84513, -7.66438, 9.18872
53.4334, 0.495181, -7.03499, -0.875433
54.8447, 1.72767, -0.10538, -2.79482
50.8044, 0.770451, -10.1125, 2.40149
53.2893, 1.11874, -8.0439, 2.64825
55.6093, 1.21626, -0.16545, 1.0235
54.4382, 2.27791, -0.661886, 2.96814
53.9859, 1.122, -5.31657, 1.8808
54.614, 1.95538, -0.810319, 3.58401
56.0633, 2.54176, -0.721366, 3.22454
55.3735, 2.91125, 0.208617, 5.58807
54.1574, 1.53619, 0.106588, 2.10702
55.2984, 1.00376, -3.67575, -1.33945
55.5819, 2.68877, -1.47589, -4.43731
56.0914, 1.98861, -1.06052, 1.95074
55.2968, 2.50127, -3.38785, 4.34621
55.7734, 1.91949, 0.0342138, 2.06764
54.6141, 1.34975, -0.0124505, 2.26205
51.8324, 0.51527, -10.3763, -2.13293
54.2156, 3.11397, 0.496538, -7.29657
52.7475, 2.14883, -6.56893, 5.73856
54.2486, 1.69814, -0.92102, -1.51726
54.8799, 0.788942, -0.561334, 1.13768
55.2871, 0.866444, -2.64862, -1.01994
53.445, 2.36057, -8.79505, -6.51784
54.3004, 2.53101, -0.459829, -5.16684
53.9533, 1.38368, -5.98927, 2.92276
54.4622, 1.7222, -0.309964, -3.36828
54.3444, 1.49048, -7.08902, -3.03535
55.8269, 1.66381, -0.201258, -1.49052
53.7708, 2.12404, -4.90702, -4.96181
54.6609, 2.79518, 0.432866, -6.18869
54.9573, 0.533647, 0.00901132, -0.514656
53.1271, 0.673781, -10.1652, -1.9071
54.2428, 2.11437, -0.0871669, 4.43086
53.4868, 1.79936, -4.88845, 4.48274
55.1845, 0.811923, -0.189225, -0.758009
54.2847, 2.36349, -5.24863, 5.19444
53.235, 1.45902, -6.46206, -3.56048
56.0714, 1.03171, -0.207965, -0.592314
54.974, 0.662162, -5.60516, -0.674441
53.8115, 2.59369, 0.49788, -6.17812
55.3658, 1.1913, -0.0828871, 1.30707
50.9928, 2.56479, -9.92694, 6.60623
54.0013, 2.04731, 0.101365, 3.86265
53.5462, 0.300142, -5.38062, -0.144759
55.4936, 1.79085, -0.91639, -2.31861
56.2614, 0.845739, -0.119917, 0.152022
54.6084, 2.57166, -0.0707689, -3.85266
54.3508, 1.73378, -0.097128, -2.4569
55.9531, 1.1816, -0.605378, -0.366657
55.2214, 2.59206, -0.279021, 4.84091
54.124, 1.97074, -0.683506, 2.9454
54.7446, 2.47317, -0.884979, 5.0715
55.3431, 2.48061, 0.460948, -2.6955
54.2284, 2.19433, -1.01677, -4.8986
54.6169, 3.09529, 0.585502, -7.18758
54.4749, 1.75924, -0.0176418, -2.70758
52.358, 1.1519, -8.21367, -4.02382
54.1143, 2.47467, -0.180068, -4.2476
54.6907, 2.48053, -0.430785, -4.09067
54.7262, 2.52067, -0.493165, 5.05808
54.3886, 1.10037, -4.12877, 2.05177
52.8016, 0.260235, -10.5715, 0.69476
54.6601, 2.16724, -2.04335, 3.46487
52.2465, 1.35915, -8.86293, -4.13577
55.0692, 1.8837, -1.91395, 2.96965
55.9459, 1.639, -0.345187, 1.6035
54.9472, 2.58568, -1.50822, 5.03559
53.5568, 1.21759, -5.55535, -2.31467
54.1056, 0.795868, -3.98062, 1.27636
50.6844, 0.714645, -10.1341, 2.57752
54.6834, 2.73316, -0.0539553, 5.23841
52.3523, 0.15608, -8.65918, 0.234079
55.3163, 1.29513, -0.777005, -1.50168
56.0987, 0.836255, -0.110003, 0.357641
54.2067, 2.59126, -3.87349, 6.02925
54.3073, 1.01298, -0.353898, -1.49209
54.0054, 3.15172, 0.718228, -8.46605
55.3954, 2.75825, -3.02611, 4.78216
54.562, 0.802627, -0.300206, 1.21467
54.8119, 2.55529, 0.0702304, 5.22411
55.0365, 1.99519, -0.903481, -2.77468
55.2355, 1.93352, -1.58687, 0.298386
54.5278, 1.94924, -4.27853, -3.48963
55.6281, 1.48646, -1.24234, 0.0978846
54.4099, 1.81971, -2.12851, 3.43234
54.9685, 2.24864, -4.22749, 4.47415
55.6406, 1.77403, -0.0652504, -1.83113
54.5693, 0.4248, -0.0346107, 0.614359
54.4958, 2.34318, -2.69836, 4.7593
54.7761, 2.38457, -6.83248, -4.38495
49.6638, 0.453689, -7.73627, -1.79109
54.9365, 1.14472, -0.13519, 1.13338
54.2031, 1.98889, -3.07997, 2.54883
54.8963, 2.65759, -1.69352, -4.81986
54.4482, 1.66818, -0.901624, 1.37963
53.914, 1.62145, -0.52574, -2.24084
53.9347, 2.34493, -0.60954, -3.74452
53.7879, 3.29899, 2.86538, -8.5434
54.484, 2.03994, -0.369926, -3.26046
51.8689, 1.31945, -10.716, 4.47134
54.1911, 1.33992, -0.366261, 0.160246
55.2344, 0.378587, -2.58691, 0.0797566
54.5922, 1.79452, -0.821356, -3.30589
51.4573, 2.41007, -9.68332, -8.3706
54.5434, 1.32377, -0.000414403, -1.92577
55.6854, 1.19466, -0.115095, -0.895463
54.9848, 2.65172, -0.777578, -5.0243
53.1463, 2.60746, -6.32051, -7.83739
54.7003, 1.53203, -0.00462626, 1.98696
53.501, 2.08523, -6.39352, -5.28115
55.5739, 1.44857, -0.0774889, 1.66647
55.2003, 2.50402, -0.138971, -3.58478
52.1885, 0.140151, -10.3303, 0.425816
55.1373, 1.41532, -3.04465, 1.82336
55.045, 0.55204, -0.363242, 0.667321
54.1064, 2.91226, -2.56972, -7.15081
53.7162, 1.37231, 5.49646, -3.40609
52.9143, 0.582174, -9.70911, 1.50317
53.8589, 2.63766, 0.198601, 6.1417
51.6655, 1.37232, -10.97, 4.48223
53.3676, 2.29521, 0.461803, -5.81971
54.7239, 2.61149, -0.299876, 5.39096
54.874, 0.991752, -5.53458, -1.36913
55.5331, 0.201023, -1.50537, 0.0979733
53.17, 3.08117, 21.6218, 2.57747
55.7079, 0.722424, -0.541213, 0.0301292
53.5112, 2.69869, -7.98386, 7.18792
55.0799, 1.58164, -1.27829, -2.08054
56.2221, 1.65113, -0.151988, -1.31918
53.5529, 3.20439, 0.58308, 7.99393
54.4145, 0.933616, -0.197129, -0.220957
55.3682, 2.10172, -0.0342404, 2.90261
54.6539, 1.64863, -0.573073, -1.97125
54.9979, 2.82753, 0.176351, -5.29892
54.3753, 3.02183, 0.604947, -6.88621
55.9411, 0.84806, -0.716512, 0.0861721
56.2607, 0.804729, -0.430838, 0.323262
53.5207, 1.07386, -5.36189, -2.54281
54.6872, 2.01716, -0.988675, 1.48238
55.0252, 1.77453, -1.84631, 2.5337
54.35, 1.41758, 0.142194, -2.20162
54.9005, 0.952937, -0.0554647, -0.784019
55.7008, 1.29452, -0.689793, -1.14381
53.8965, 2.29487, -0.760168, -5.66468
53.6583, 1.88366, -0.045787, 2.96513
54.3222, 1.43009, -4.28519, 2.44125
55.1774, 2.19931, -1.3619, 3.65122
53.9286, 2.61509, 0.328693, -5.66267
54.0776, 2.12132, 0.0424438, -3.79148
55.8751, 1.567, -1.29469, -1.39742
52.2877, 0.371448, -10.5244, -1.09912
53.4929, 2.34183, 0.297082, 5.13143
50.5555, 2.01594, -10.2312, 7.30425
54.2465, 0.840154, -8.54037, 1.72246
54.8605, 0.746427, -7.72592, 1.07999
52.9505, 1.37787, -7.74407, -3.59848
53.736, 2.88767, 0.515307, 6.91681
52.7749, 0.379541, -11.6596, -1.08724
55.4986, 0.581004, -0.204848, 0.0643234
54.6821, 2.06907, -0.360751, -3.311
54.3226, 2.08703, 0.311084, -3.97186
54.4974, 2.38199, 0.309734, 4.67352
55.2074, 1.07026, -1.44222, -1.21548
55.4342, 0.796834, 0.127889, -0.215578
55.6491, 2.41945, -0.904088, -3.30066
52.8132, 1.41466, -8.23077, -3.40877
56.4798, 1.05142, -0.491523, -0.408511
52.4106, 2.67723, -10.8007, 8.34925
53.2604, 0.443084, -5.52687, 0.400458
51.3539, 1.57498, -8.7335, 5.13176
54.4049, 1.20047, -0.110546, 1.99941
52.0593, 2.33862, -9.32479, -7.95135
55.732, 1.78852, -0.148423, -1.99049
54.2147, 1.25452, -1.60389, 2.23341
55.0071, 1.78587, 0.06362, -2.72746
52.9715, 2.92476, -5.46073, -8.8324
54.4058, 1.02236, -1.69334, -1.61181
54.7585, 2.7603, 0.0954997, -5.36881
54.4911, 3.24264, -2.98728, 7.28262
55.1633, 2.16189, -3.20132, 3.64051
56.1009, 1.13727, -0.313162, -0.313428
51.572, 0.440593, -11.1639, 0.728903
53.7185, 1.3163, -8.6722, 3.15655
54.9036, 2.34276, -0.940363, -4.68933
54.5663, 1.76, -7.59811, 3.60239
53.0059, 1.59674, -8.01785, -4.179
55.0652, 1.71649, -0.0316936, -2.18866
55.5884, 0.428699, -0.135984, -0.268599
53.4795, 1.12703, -8.98226, 3.0605
53.2745, 2.78456, 0.621225, -6.99957
54.0361, 1.47038, -3.61509, 2.55867
54.4565, 2.22864, -0.323222, -3.87592
54.9343, 1.45689, -0.580609, -1.8575
54.6547, 2.27493, -0.113783, -3.6274
54.511, 0.409383, -1.83025, -0.241161
54.62, 2.02238, -5.72721, -4.06494
55.0439, 0.509975, -0.0862364, -0.488692
56.2367, 0.741171, -0.508039, 0.324837
54.003, 1.68078, -3.61688, -3.10551
52.9915, 0.56879, -6.47331, -1.15636
55.7762, 1.11169, -0.271846, 1.03257
54.6235, 2.10555, 18.6302, -0.867036
55.2825, 0.531692, -0.0910755, 0.421428
55.0595, 0.829127, -5.55699, -1.05105
55.1502, 2.8983, 0.345511, -5.06632
53.9208, 2.21146, 0.0762585, 4.36107
53.6669, 3.09897, -3.31977, -8.61992
52.1506, 2.37012, -9.10482, 8.45638
55.3886, 0.495933, -4.65966, -0.398748
56.1105, 1.22206, -1.37498, -0.93615
53.4879, 2.08043, -8.91378, 5.60598
54.7742, 2.76798, 0.0171888, 5.61941
54.3681, 1.11956, -0.408028, 0.114134
55.0409, 1.86325, -1.59651, 3.27461
53.1347, 1.82501, 0.151876, -3.47524
55.785, 1.48649, -0.0962113, 1.25859
54.5765, 2.64084, 0.327312, 5.45011
54.3355, 0.729814, 0.156686, 0.285978
54.5761, 0.219406, -7.82071, -0.197333
55.6094, 0.321833, -3.89104, -0.0618217
52.6498, 2.36779, -10.8978, -7.49159
54.5052, 2.29503, -1.58848, 4.47075
55.4677, 1.60525, 0.0516545, -1.4615
52.2706, 1.86422, -10.5285, 5.88671
54.7663, 2.51173, -0.093909, 4.85949
54.692, 0.803043, -1.46796, 0.162966
53.4603, 2.4143, -0.246969, 4.5683
53.6384, 2.96224, -6.95783, 7.66891
55.4576, 0.894413, -2.65278, 0.900254
55.38, 1.58469, -0.239508, 1.61303
53.8336, 3.05575, 0.297423, 6.83392
54.3145, 3.48217, 0.743512, 8.11059
55.4783, 2.83824, -1.74294, -4.98917
54.9205, 1.7698, -0.337717, -2.70477
53.9466, 0.873634, -7.3393, -1.55672
54.6733, 2.82772, -5.09737, 6.23042
54.8185, 2.00269, -0.538893, 3.47283
54.29, 2.4184, 0.227954, 4.81269
56.0454, 0.663703, -0.190154, 0.306679
54.1828, 2.01676, -5.84811, -4.15623
54.2704, 2.53111, -1.51, -5.17685
54.5499, 1.34203, -0.0415591, -1.68911
55.2664, 3.03374, -3.50819, 6.19683
53.1939, 2.89519, 0.696459, -6.92467
53.8873, 2.90264, 12.4141, -7.33226
55.6766, 1.33988, -0.998544, -1.29968
53.9504, 2.92637, -5.92492, -8.02397
55.0267, 0.166516, -0.290172, -0.109816
53.0326, 2.84571, -9.86213, -8.86943
53.7409, 2.15954, -6.50615, 4.8016
54.2601, 0.421272, -2.05965, -0.324649
54.4959, 2.11736, -0.0264251, 3.50626
54.5942, 2.74694, -1.32611, -5.38062
55.5399, 1.78193, -1.01299, -1.3972
54.7256, 0.38589, -5.41454, 0.102689
54.6774, 1.98268, -0.494245, -2.74603
55.2883, 2.88756, -4.80664, -5.15989
54.2876, 0.693197, -1.52612, -1.07885
53.3649, 3.07745, -4.28032, 8.23402
54.2442, 1.71589, -4.07869, -2.99139
56.0876, 1.31478, -0.417505, -0.705528
54.8446, 2.25927, -0.422744, 3.81674
55.6675, 0.634755, -1.74998, -0.474153
53.0819, 1.21902, -8.13232, -3.10162
54.3133, 0.423955, -3.79692, 0.278927
55.0382, 1.70662, 0.131818, 2.29196
55.059, 1.55497, -2.97248, -2.34197
55.9401, 2.12953, -1.4766, -2.43698
