61.911225367820563, 0.24961992590764012, -4.2564308412176409e-06, -6.4754100788695185e-06
62.036589923518726, 0.12137236597993799, 7.4884623001428059e-06, -1.7383065633264458e-05
61.903475529308068, 0.10232937760802577, 3.4187410955917928e-06, -1.6429111281375788e-05
61.863170989019011, 0.30230528108071075, 3.9940638619851625e-06, -9.7273365761379814e-06
62.025820021026206, 0.28714953735372045, 1.3500901729700792e-05, -1.3320564063254878e-05
61.919653491774824, 0.37265872471435391, -8.32083807724063e-07, -2.3344234980866896e-05
61.918214354833594, 0.53196749789232922, -3.8281998627007809e-05, -1.784465408366376e-06
61.982470174906595, 1.0007132120957716, 4.4710333777645148e-05, -3.3021741438763706e-06
61.887153298289057, 0.26619953572116817, 5.9735857540885214e-06, 1.4199117380760416e-07
61.900977994045981, 0.088277101652387904, 9.6399739075443969e-06, 1.6011771162323119e-06
61.980846412633369, 0.07536794573686223, 2.551305188960378e-06, 7.0123393121697429e-06
61.898237552122275, 0.25945518381163968, 2.0161441336566716e-06, 1.0730062984251679e-06
61.959679948230566, 0.10616263391634753, -3.8921834156476806e-06, -5.5258097273833459e-06
61.821620587031823, 0.36133654251763808, -8.2979567548522206e-06, -1.1403824479102601e-05
61.967417938302418, 0.048860536278313188, -1.0883592853853614e-05, -5.8016134981201551e-06
61.851951545471032, 0.56249010264553756, 4.6939570925930798e-06, 3.4713687776639743e-05
61.983598731852538, 0.41430708488084977, -3.1863357212951401e-05, -3.6316073125423907e-06
61.850339976683244, 0.22392663557531303, -4.0710776966664246e-06, 6.5218084187259951e-06
61.900671808940324, 0.18811293375378754, -1.4811761961664026e-05, -8.0521467213445992e-06
61.938087532732389, 0.36853762590019629, 9.7576563220802677e-06, 1.6223311180405286e-05
61.941493134133651, 1.1865303720666489, -3.462580568501341e-05, -9.9150153575729192e-06
61.851764605777333, 0.50394386747929398, -1.7805340471074483e-05, 3.3603890201294085e-05
61.855356890007144, 0.089896530233053329, 3.2098044395357122e-06, 3.8658281279167475e-06
61.860013852778224, 0.062275299055658387, -1.1551674142491232e-05, 6.6309727507810213e-06
62.038130330088656, 0.13099960647775422, -6.6501444943344797e-06, -6.0611104835238229e-07
61.914178164680749, 0.33114838685482545, 2.6128801023334392e-06, 1.6648875176980186e-05
61.92234982675766, 0.1697813588719583, 7.9779869677353088e-06, -1.0694695954095949e-06
62.024318178240144, 0.26012786511453134, 7.7546310872455151e-06, 7.6851060664063921e-06
61.974000149700103, 0.27514578908338566, -3.0709252091631322e-06, 1.6076566051910419e-05
61.932163442018343, 0.1695945206173281, -4.4439882223894111e-07, -1.082641978702436e-05
62.015614212080379, 0.28973442416869588, 1.4158990145796097e-05, -6.7007324967265182e-06
61.907829706114441, 0.26358348682497384, -9.24359924163782e-06, -1.3644717389930209e-05
61.987013196286831, 0.4027547197935118, -5.655491771998863e-06, 5.8581417318285597e-06
62.009788146044251, 0.40064841780606592, -1.5629599980090508e-06, 2.0220177766371342e-05
61.876946589758241, 0.44350887202107647, -1.6509438363453146e-05, 1.8903113723752171e-05
62.007307547236927, 0.51245816295619406, 1.7691580914855357e-05, 1.469951623445416e-05
61.857906912239535, 0.29167177359093194, -1.1410915699822916e-05, -1.3419898308324665e-05
61.965616728968101, 0.21080482486380803, -2.0711265630742122e-05, 5.6603640838867168e-06
61.9122132332935, 0.22646123400411364, -4.5947125673569954e-06, -1.5707470015904517e-05
61.897160097398114, 0.34080254968565182, -1.5891136998594517e-05, -2.7393663244623435e-08
61.871673826884788, 0.4556541149008414, 8.4623944339717443e-06, -2.1504319927313231e-05
61.911985769276548, 0.20855079453645964, 5.1056759013524739e-06, 2.4562130837025184e-05
61.916576422591852, 0.014702178094660434, 3.743372415479671e-06, 1.1376873499184748e-05
61.964780218242602, 0.25677568626576214, 3.3246349786162699e-07, 1.6726029529314983e-05
61.946574223392204, 0.30114785880011263, -1.2678451980554986e-05, -7.8247247084880732e-06
61.883786253190927, 0.79641166969064936, 3.865918148825569e-06, 4.1423957541641321e-05
62.014924870666192, 0.1080002724870517, -5.1595563002921213e-06, 1.407066979493658e-06
61.982591324831724, 0.11285023571575001, -3.9474899276618727e-06, 2.0289354686919858e-06
62.017829110225726, 0.12380998942347919, -7.5532078933915534e-06, 1.1351468285584169e-05
62.008530765390674, 0.32605755665126018, -1.6895456893966981e-06, -1.9542418095300579e-05
61.900377407365134, 0.079525241062422078, -3.6019222160449667e-06, 1.3843827063664101e-06
61.95795785004092, 0.16731957298694855, -9.4195705900027967e-06, 3.3680186892723454e-06
61.880122719816661, 0.3067386900763695, 1.7038746935702517e-06, -8.2906740280593595e-06
61.973211811940345, 0.17664628763350584, -8.9274097479336482e-06, -8.3678630069042507e-06
61.856811414317505, 0.75781206277118685, 4.3365506460624072e-05, 2.1133112242447855e-05
62.030891858950689, 0.098571239993735044, 3.7657767516999288e-06, 8.7010284726915475e-06
61.911401964423, 0.2422284871756373, -1.0454822508599746e-05, 1.0497606894415429e-05
62.015184838287553, 0.38859240294098485, -5.0119214354229534e-06, -3.8695471516507332e-05
61.997012585909211, 0.11091845984354307, -1.0783945906676071e-05, -1.3585986483451668e-05
61.975729467563689, 0.14844952788943852, -1.8610585133871768e-08, -2.9727271352222346e-06
61.863436017492809, 0.38655696070891871, 1.7173317905579617e-05, -7.2735546879004051e-06
61.965768475996093, 0.26438860808872156, -3.0350366854149312e-05, -3.8719050429690409e-06
62.022014287198957, 1.0204883689475446, 1.6805210854158138e-05, -4.7159079700397276e-05
61.864287455496097, 0.27246312668762723, 1.0801192844212867e-05, 1.5328000613204606e-05
61.89178185897687, 0.24107536858522777, -1.4157404070966013e-05, 1.8876590039461834e-06
61.908714112082556, 0.2165498861455942, -4.2152352597653002e-06, -1.1377923887851688e-05
62.009809574521661, 0.19678332551717478, -1.2446717419770675e-06, -3.5994871286120973e-06
62.048522112414425, 0.1882183485769427, -8.9257388402620002e-06, 5.6787103633926395e-06
62.023247747129112, 0.28560030304809081, -7.5147901344182797e-06, -2.7402009858213675e-05
62.011668067316862, 0.14600166725725422, -7.9327099907297378e-06, -4.4415163124758695e-06
62.041893395889844, 0.22363034994287362, 2.57520865194966e-06, 2.6144982121394301e-06
61.850496588498039, 0.2431612858838306, -1.1416557892789766e-05, 4.5681919334962603e-08
61.948668671082309, 0.38082522689869075, 9.603417794396069e-07, 1.3798215789954896e-05
61.85135816547767, 0.35899615583611327, -2.8546952967458703e-05, -1.2734865212097716e-06
61.931055372038742, 0.55889796123077362, -1.5217532711163301e-05, 1.3368368222169149e-05
61.952541872093121, 0.14176054203208577, -7.3257171317663679e-06, -8.415763761816168e-06
61.943668250530308, 0.23830606706629209, 8.3524757012425461e-06, 5.9244302392557011e-06
61.989452362357447, 0.31994401058870897, -1.9347440673096666e-05, 2.4202953348954311e-05
61.983550128904959, 0.12178517656096954, -6.4974289746512513e-07, 7.3923212068437655e-06
61.886528884402296, 0.35173005091907933, -1.6346956710270571e-05, 2.1116382281557574e-05
61.905826959580651, 0.22165473003365582, -1.7117662328944469e-05, 6.1530440744652081e-06
61.867518433810432, 0.60496362690846084, 2.3540333210889383e-05, -1.059420162788723e-05
61.8535999525687, 0.48498979970173861, -2.3247569305724114e-05, 5.52201219096143e-06
62.10011194534723, 0.13908525118644136, 5.2995672114954099e-06, 4.0153387953782313e-06
61.985553040083836, 0.157499349996164, 1.061503341600027e-06, -5.9455297652768683e-06
61.972149341244958, 0.42007075954280781, 1.0826555188976108e-05, 2.1177325019360039e-05
61.872250277126923, 0.30932976032863058, -2.0121414054792452e-06, -2.5140657503644547e-05
61.950773697380342, 0.1590429344121024, 6.3905092010931955e-06, 6.6965315372151935e-06
61.98118620853537, 0.79754219358550027, 6.0258061531539702e-05, -3.8863504074600762e-05
61.966755323983115, 0.39128005108473229, 4.6606468667937735e-06, -1.7424305393683701e-05
61.97185556440418, 0.21831395620242006, 1.4718021646973243e-05, -8.4126613848279235e-06
61.884002209805551, 0.14265525516237235, 1.5133325506718543e-07, -3.1324404091710086e-06
61.931715320122379, 0.078227973967085515, -8.0773904783388203e-06, 8.6748509003203817e-06
61.957359928556265, 0.25247919443128614, 1.0165250959876219e-05, 1.8149214036298927e-06
61.967551044231421, 0.24742373757994401, -1.1506619609548256e-05, 3.0941403198046454e-07
62.045504274830257, 0.5732982756516467, -1.1797318659880081e-05, -2.3596146172215227e-05
61.893871175994008, 0.58012001640089661, 4.5044025720781859e-05, 7.7991581490372022e-07
61.844463098667958, 0.024197746728013402, -4.0305076733183243e-06, -9.8321190219764449e-06
61.873215162840971, 0.26751851489316708, 1.6829210988559886e-05, -1.2730950500780448e-05
61.896773621316932, 0.7366698117035313, -6.6909530834355222e-07, 9.4066140345574897e-06
61.939722508005609, 0.13062717051408781, 7.3229389679250703e-06, -1.4867488311953716e-06
62.073271808801778, 0.081917056601001167, 1.5362319595703868e-05, -1.1742987327927007e-05
61.945434970297811, 0.20497334569008738, -1.2342670753605821e-05, 7.7647277505182923e-06
61.925897121397966, 0.26515597644882466, 1.1811013253744013e-05, 7.920987427904706e-06
62.109708644095321, 0.17443419463033047, 1.4136156807335231e-06, -5.2767036010515585e-06
61.978294527109824, 0.22564327185458471, 5.4726948119440344e-06, 5.5446666050758174e-06
61.813889985834479, 0.19574045817653421, -8.4703361250702246e-06, -2.0559092591773694e-06
61.875244323010932, 0.16364300617886982, 3.0400560029770933e-06, -1.5019212931564849e-06
62.009440962684216, 0.074131404728073794, -2.361647419026813e-06, 3.096709475489733e-06
61.932674215280677, 0.1290304432090999, -2.0535609130452376e-06, -5.1867185745886206e-06
61.902624087309576, 0.12983880503509201, 2.3405273670416403e-06, -1.8767799678432842e-06
61.920038847233677, 0.17458959093133677, 9.0374374127843443e-07, -8.6481932282257301e-06
61.910724779671042, 0.10209924182222446, -9.6933633662782864e-06, -1.7479998496956282e-06
61.886346513317555, 0.093494229771400053, -1.8953136325164586e-06, -2.4058458170090222e-06
62.004666025070009, 0.23027422564441138, -1.6615460536144997e-06, -1.0384652536836576e-05
61.977845472127228, 0.35075633232817405, 3.6754081021943809e-06, 2.8205067585533156e-05
61.893398551797283, 0.33659794014509153, 1.2114697388469469e-05, -1.1659543424260338e-05
62.041761788925065, 0.18288718164243264, 5.0538419034094454e-06, 8.0326978428626977e-06
61.972713469507262, 0.32896425870626239, -4.2662846667151603e-06, -1.4359516966487833e-05
61.947806448606613, 0.06502199517509144, 5.4910698326005087e-06, 5.2844065599634853e-07
61.97682982904314, 0.43783170682447736, -1.7413191667046333e-05, -1.2897404601829562e-05
61.931280717243446, 0.21598660530828628, 9.9799889101683164e-06, -1.0440163503433972e-06
62.087020122595952, 0.30864920732603468, -1.6330035584233471e-05, 1.342514829620131e-05
61.950221653457582, 1.3549317810489045, 5.2037967333532567e-05, 1.2971205387872776e-05
61.982341710041062, 0.18306010748181628, -4.1833273572120541e-06, -1.2705795091065515e-06
61.992085457744246, 0.17417127189529535, 5.9998009787400134e-06, -1.3483429553747345e-05
62.027840784891133, 0.11654938920460794, -1.5988617862066446e-06, -1.9951304432689569e-07
61.936361418560203, 0.1693522316464717, -1.1502652264634648e-05, -1.8556798130939402e-06
61.945920567701876, 0.48391993408824779, -1.7790485920730412e-05, 3.4255740980028092e-05
62.031055942217414, 0.063332248451823295, 9.0691977007259742e-06, 8.0652230033763308e-06
61.974555328795482, 0.10035303303406681, -1.6436828939637525e-06, -6.2798900568655729e-06
61.900979999703765, 0.099802100768247512, 4.6922626703430706e-06, -8.8564080605098338e-06
61.997686510428551, 0.1836146010331684, 1.5954124518796048e-07, 2.2508735656974494e-05
61.933977459750523, 0.08119933033747137, 3.9952910319859869e-06, -8.0039770656420349e-06
61.979476819513067, 0.13171727062258404, 1.1515560170486535e-05, 9.2050143428325182e-08
62.031999972824032, 0.14330710010476971, 4.1275838916396287e-06, 4.168639513168938e-06
61.982478293070137, 0.11738105211616726, 1.9855924920332621e-07, 5.643727989356836e-06
61.834764812809375, 0.33864472766824794, -9.9157977515678187e-06, 3.8043290060814724e-06
61.87380848609412, 0.52168327793465963, 1.3397207451593842e-05, -2.155195507404388e-05
61.918942399867987, 0.2952181159126635, 2.1368389397810846e-06, -2.1426622195898201e-05
61.937595198986266, 0.12094618117855008, -6.3045787535003958e-06, 7.864164795482771e-06
62.033373883280014, 0.60862445953573374, -2.9067037307844187e-05, 2.3324471362957051e-05
62.118188985548066, 0.59223831351515122, -2.1094254306441304e-05, -6.9519132532196162e-06
61.978378227761503, 0.22172949385301077, -2.6793985071551035e-05, 1.065055876302575e-06
62.051288060724801, 0.37210120862235496, -2.8335542867365712e-06, 1.5213695114794004e-05
61.93694954706482, 0.27623845859596463, 1.0000191103848325e-05, 1.9275399293738489e-05
61.96273365658319, 0.17990274720877392, -1.028024599102773e-05, -2.5836743320024098e-06
61.939270840152645, 0.16694584402328486, 3.9938863126688429e-06, 2.8164132068815005e-06
61.946071563482683, 0.19794631411546362, 4.1090323009717787e-06, -1.0089370539960653e-05
61.983421841840972, 0.17583086922081462, 7.077534138006747e-06, -1.3142347190458289e-05
61.938820546191344, 0.27365035932439868, 8.4424002452608893e-06, 9.918657470768021e-07
61.900438727409487, 0.51614316209284949, -2.3491099456960672e-05, 1.4628353584739063e-05
62.037824030242049, 0.22532359273699371, -2.5761398154415569e-06, -3.0406508846127973e-05
61.935272534189544, 0.20062646001376341, 1.8925627564129836e-05, -1.5754013364453372e-05
61.958211806413111, 0.34865698486310737, 9.6381476564291265e-06, 1.0783831361492543e-05
61.880300791077332, 0.44113816214207191, 5.743612003691809e-06, -1.7986053885837836e-05
61.95444685262963, 0.20510203139887265, -2.1748614880942883e-05, -4.5278239878910473e-06
61.922800911682252, 0.28241092707525389, 2.2543566790434029e-06, 2.780952394216713e-06
62.001774207670294, 0.51167906458060386, 1.8877937368958179e-05, 5.4910365098419548e-06
61.923407819886641, 0.12907643614514955, 1.4778043377298503e-05, 1.3333120563809859e-05
61.936886734307578, 0.3893268247575134, 1.9208415928481367e-05, -9.4728042334022449e-07
61.982734688991606, 0.085480004160620376, 1.7475007469659413e-06, -7.0508753254559871e-07
61.972299910973234, 0.18741584605076228, 2.8799998657185327e-06, 1.0237881626403587e-05
61.972703610170051, 0.12632122053561909, -9.2918154564720649e-06, 3.6997064210246514e-06
62.003502691086105, 0.094495690465952284, 6.2529513665175516e-06, -5.8654504193734914e-06
61.932543925179758, 0.25473998353168564, -5.4294905020680709e-06, -1.0517606798941105e-05
61.989974482834604, 0.20214101758357705, 5.2400167887094258e-06, 2.0194300733185374e-05
61.939905990304567, 0.26009533349053265, -1.1602039469743807e-05, -1.3737620123726347e-05
61.989011283620258, 0.17999754096116077, 1.0900147204306989e-05, 3.8983330077185834e-06
61.923802757047817, 0.13527707278845535, 2.7748118048991256e-06, 8.1297191927448389e-06
61.969200804766409, 0.22014267775714397, 3.1337673797867317e-06, 1.2235633356927025e-05
61.973228494767127, 0.12467609215432157, -6.1116523405582936e-06, 1.8247949422291365e-05
61.948799768435428, 0.20902095979141552, -1.0292701026923672e-05, 1.7340066060976649e-05
62.010830980026235, 0.287077493517501, 1.2159375653411259e-05, -2.0890440377938357e-06
61.960972811581001, 0.63018393361832936, 8.3508725560550579e-06, 1.9956235015841992e-05
61.848649805573515, 0.12464300566092817, -2.2661587645372831e-06, -1.3390368527866308e-05
62.030599958963272, 0.10418102021676291, -7.7237107240643764e-07, 2.2690900735335438e-06
61.96967460769006, 0.63500056277931438, 3.0239535323631329e-05, -3.255847965373456e-05
61.963883074441704, 0.091581306222996151, -3.0645307984114519e-06, -7.0919376698617069e-06
61.941748146901361, 0.20634348174957881, 2.4771862362766264e-06, 8.0708016593637618e-06
62.007983675823262, 0.51444352470147181, -1.3566890079118645e-06, 3.0516050537202346e-05
61.904316385134038, 0.09194229375619789, 1.1210779392144913e-05, 2.6910626683139045e-06
61.907351059868994, 0.15232011385279515, 1.024916032400221e-05, -2.0276115267840497e-06
61.966950928308705, 0.38001147995493995, -8.2661139163027266e-06, 1.8147859338533608e-05
61.939055924803171, 0.22683075943831979, -1.2884397966546997e-05, -1.606618989292844e-05
61.963736175717614, 0.29662439800340706, 2.8099369463869327e-06, -2.3073784946320894e-05
61.954459772046988, 0.28312028994964927, -8.4107275239979469e-06, 6.8220140143506101e-06
61.932369532096757, 0.29039183799411211, 7.3191938094876566e-07, -2.1646254321204605e-05
61.974620791493976, 0.15659353900292727, -8.9186591183789557e-06, -6.8086208653682629e-06
62.012534454681756, 0.15980067509014773, -5.0049850015095958e-06, 6.4582317382582536e-06
62.014492526050887, 0.39880081756902308, 1.0283446541618706e-05, 1.6911430017859724e-05
61.917648888662683, 0.18910077044495094, 1.8418483053851955e-06, -1.124894967412115e-05
61.938128298688191, 0.065268698715113427, -8.6353967627536459e-07, 2.4912985377135972e-06
61.897613556153118, 0.10237768482731144, 6.3465652261419451e-06, -5.4198631747288253e-06
62.059779893902174, 0.62508522391317556, 4.5686189999431975e-05, -9.8856929176316228e-06
61.957646446717746, 0.14164340628904593, -1.4128234208902366e-05, -5.8456348263964778e-06
62.002018516156276, 0.17408718594381517, -1.1561841737138961e-05, 9.839248900829045e-06
61.93830195322726, 0.20787614244717559, 4.7145179715266914e-06, 1.2834961533763185e-05
61.906431459118352, 0.3085571100724776, -2.3229656924907409e-06, -1.1959322267298264e-05
62.027719217806052, 0.24381952905090018, -1.1297405333650161e-05, 1.0300043019912405e-05
61.918070541848223, 0.71257860723819011, 2.8500829514934709e-05, -1.0336403838592282e-05
61.998413301515171, 0.36434939479773215, 3.1109344884328774e-06, -3.6177934098039745e-06
61.882274528481297, 0.076181572199626499, -2.3000508142982355e-06, 8.4759320621093402e-06
61.993823066198246, 0.12683019723923586, 8.7057063915637584e-06, -6.3726310088493216e-07
62.065817497394939, 0.20068467249580488, -2.0764628728326765e-06, 2.1268347625365227e-05
61.942263673799353, 0.4636930459561957, 3.2062613930988829e-05, 1.5567581141981565e-05
61.976541578058566, 0.17184495212085904, 7.0989741756363311e-06, -3.5679101995064541e-06
61.926073888432377, 0.14979654093689229, -2.5427646985665919e-06, 2.8506476188851257e-06
61.831729384467003, 0.16642877303890083, 8.33216910076292e-07, -4.9377346768816852e-06
61.915068885657732, 0.1077052906082306, -8.8676637339664056e-06, 8.2468689516727759e-07
61.871275632323325, 0.19870537062345153, -5.6346151668178031e-06, 1.4841667704765114e-05
62.028572206377305, 0.40498617665166919, -1.6755966396058902e-05, 4.0010610460083967e-06
62.077698165005643, 0.24079950478575551, -6.0876838788898974e-06, 7.6412604727045643e-06
62.050769416517888, 0.64227143448254986, -4.469885573330923e-05, -1.3793727288449076e-05
61.883612551069227, 0.12216107773858101, -5.5033581882211392e-06, -8.6501428017312572e-06
61.942837409800525, 0.74007806501120044, 4.601731690038833e-06, -3.5778689965461095e-06
61.936350079680388, 0.085019894708871335, 2.8481504746151575e-06, -1.7486663042509583e-06
61.931465356349584, 0.61925819105953817, 1.6996359247097054e-05, 2.3371926870709361e-05
62.004324796709525, 0.30079123547727749, 2.7512912231901477e-06, 2.0026065152600774e-05
61.893269169117126, 0.28610118899222869, -4.349814896904007e-06, 2.7750929561942411e-05
61.957414671329445, 0.30326897603861952, -1.8839620438768713e-06, -1.7543218331059332e-05
61.880724281555068, 0.30186467389412713, -1.2853923358214299e-05, 1.0231883056815483e-05
62.019081505432681, 0.35782434411354935, 1.7810563511641931e-05, 2.4985107163990052e-06
62.009995979325474, 0.81562006129553188, -1.5120930883663465e-05, -2.2748802040884183e-05
61.956358460788252, 0.6247706686888066, 1.5329543539854515e-05, 8.7351151075280593e-06
61.9028954848132, 0.48902381761185265, 4.599115056025302e-05, 3.2942776056877822e-05
61.983536736696976, 0.33197654286585304, -9.9288765651086289e-06, 3.1146296527548345e-06
61.933581218976833, 0.39011417368034723, 2.2258426370023534e-06, -2.3822616542089724e-06
61.952255379407944, 0.069913048331578062, 1.493080891731485e-05, 9.0163384559705556e-07
61.922498683237933, 0.09359887154392757, -8.2050214077928174e-06, 2.8403881104949042e-06
61.947520820993908, 0.36943882623006818, 1.1106025404564051e-05, 1.9264926277076048e-05
61.958868177703657, 0.031901895250164618, 8.028589891048482e-06, -1.3822895972426941e-06
61.968402297055412, 0.093764143927099197, 5.2081530837676419e-06, -5.040226340366528e-06
61.900012370194332, 0.30437109138083246, 9.4568915176461282e-06, 1.3934898148447066e-05
62.041125918110843, 0.13594306551584254, -4.3601424267706208e-06, -6.3190641077189757e-06
61.984285257541451, 0.26772287250395449, 5.6001464032962793e-06, 2.1267428384231721e-05
61.930098576649137, 0.18413789324276938, 6.2500952779187362e-06, -1.1797352994560795e-05
61.94168671555127, 0.24460248501879131, -4.434753943724966e-06, 1.1893782167802277e-05
61.900964151389381, 0.57928699268318085, -3.433406398935994e-05, -5.9656744476168378e-07
62.005805599222008, 0.075534186909109055, -1.3704744120358176e-05, -3.4295372742929377e-06
61.969610821617664, 0.18875141936856871, -3.1383630237687507e-06, -1.0774888318799022e-05
61.952964253293075, 0.067117635325844735, 3.877972765697337e-06, -1.0498832089904583e-05
61.88588686922008, 0.19380434917249348, 5.1169087133526264e-06, -1.4725846085831618e-06
61.987193860608443, 0.32555065042646364, -1.3384927470204677e-05, 1.4213250526109507e-05
61.919646146902423, 0.39116048370410528, -5.9248506544072718e-06, 2.228734187150161e-05
62.000598569405675, 0.42640669307826939, -1.2691349407200948e-05, -6.8915293957031127e-06
62.076897293732081, 0.05932285166740088, -2.5118255793295136e-06, -3.7069802116930425e-06
61.960105668746138, 0.22124591522673881, -6.900769311833141e-06, -6.414836051603425e-06
61.907069038322298, 0.064141064265125572, -7.6669858059972082e-06, 6.4943423257131347e-06
61.973929687449299, 0.19730565368777636, 1.9964059739670575e-06, 3.4049871844112191e-07
61.872776491763204, 0.064608479259390825, -4.2478410743426832e-06, -5.8031217157379432e-06
61.931561911560046, 0.14365820972955007, 5.2894261819677018e-06, 2.3962080172773459e-06
62.007676265313073, 0.42103307245290134, -2.4602061519821456e-05, -2.0763800925251836e-06
62.003652646777127, 0.22417373106130981, 1.3165078304411156e-05, -1.1330365128355197e-05
61.801755540405161, 0.10989137847229297, -1.1602786085588582e-05, 1.6199878589505204e-05
61.951562912764757, 0.10681457810889503, -1.5120199939290421e-05, 4.6537909424501529e-06
62.038328065859822, 0.21799107289722439, -8.9549198084542353e-06, 9.4171578126424382e-06
61.951035396540405, 0.19553503422177179, -8.4428486339345463e-06, -6.7367398073176834e-07
61.950803426963589, 0.05007462937508466, 1.8168111612017013e-06, 2.567190592583003e-06
61.912347301660915, 0.3612186226847735, -1.3392820796179274e-05, -3.4001428723117292e-06
61.968165032184359, 0.32963797623669439, -1.305358114034436e-05, -8.1419131135705414e-06
61.903970021396731, 0.72165919521789312, 5.9196275251087006e-05, 7.7427822887017108e-06
61.906287041623159, 0.12199014109064672, 2.5662364053540639e-06, 2.9762460527919637e-06
61.885640724547542, 0.43629967598952929, -8.7434353834359426e-06, 1.6530021619076805e-05
61.964712019915204, 0.082741632212836591, -3.5459064205901768e-06, 7.5828740604959414e-06
62.005487547415925, 0.20149341247994371, 7.1300489272321671e-06, -7.5236293687566597e-06
61.896247204193244, 0.15420559186165592, -1.5309959714958365e-05, -8.1163112692552185e-06
62.034395978086522, 0.2823729589625314, -1.3776750646125819e-05, -7.7119373890516917e-06
61.872591079497418, 0.25310252824134427, -2.0340961091473318e-05, 5.5226357381935836e-06
61.882529650875938, 0.11919244798044773, 1.1532607033163523e-05, 2.0028112481819201e-06
62.070081592740841, 0.040101343197560056, -6.1996824364221717e-06, -1.9370456950017297e-06
62.02995945036951, 0.11854774809672475, 1.3941303557260133e-05, -6.9295449596393104e-06
61.901166129670635, 0.31342981488155608, 1.6826669563831003e-05, -3.5833386562827651e-06
61.959969794740793, 0.1925108681484361, 1.2467044849514276e-05, 4.6776840618347592e-06
61.979104338350915, 0.43835847503277708, 2.4580785758452104e-05, 2.5574320616751585e-05
61.966805395872257, 0.23289078297168886, -1.5336433576114397e-05, 1.2988281878126002e-05
62.030858580727781, 0.23578885143872672, -9.8553824999191992e-06, 2.289390419846654e-05
62.034622863412189, 0.23566864781287125, 1.4058158264243275e-06, 1.6596255832147881e-05
61.926491046604831, 0.13766173592037373, 1.5659496892614715e-06, -2.0283165158908673e-06
61.875182504790388, 0.15640727356550493, 1.5404939187107541e-05, -6.6196068188903664e-06
62.038324118346907, 0.79828927771376057, 1.0639030308105949e-05, 5.2849733942871534e-05
61.881338405021189, 0.56948618295448628, 1.8464217283832787e-05, 4.2744051322706538e-06
61.932076783384041, 0.14060898874028649, 5.621082394167924e-06, 8.5114460460951268e-06
62.000135286897425, 0.07710124961596436, 1.0500848933023128e-05, -1.3867835019276336e-05
61.963737835241702, 0.30698651586597503, 1.7945433954142797e-05, 3.4263364342980089e-08
61.917492340145074, 0.5196424892031194, -2.3524747654767019e-05, 1.5085879351261011e-05
61.8274717312852, 0.10320433899723606, 4.6752854844149913e-06, -1.3726615642708954e-05
61.98563690465479, 0.11631258190867438, -9.2130333407621204e-06, 6.7103912073098905e-06
61.972799047561423, 0.1604083114608762, 9.8454488507753661e-06, 2.2441563633555068e-06
61.938580996985472, 0.18055375590060474, 4.7069099924764946e-06, -6.6078464553390666e-06
61.998079525371942, 0.48679687545239708, -7.1855719892874036e-06, 1.1848997160214857e-05
61.979189770927178, 0.29338975505329684, 6.817931319977062e-06, -4.2446925117790609e-06
61.953327066352891, 0.45695800762162192, -2.533014322058447e-05, -4.0585512915965457e-05
61.984004115824042, 0.75706963656693882, 2.2426339894500957e-05, -4.6361628067731274e-06
61.921498605201393, 0.14682420521146958, 9.1488222701468221e-08, 3.9326533467161643e-06
62.052056556901775, 0.23423328657612749, -6.8952217745418437e-07, -4.0219474889927013e-06
62.014555662872475, 0.38685120828674285, -1.5349099977994916e-05, -1.736592359029545e-05
61.85866168081165, 0.37934425155994389, -7.893175310681386e-06, 1.7927487426686771e-05
61.965171900970574, 0.63436189697957202, -4.0047671593859807e-05, 7.0761370563160192e-06
61.917762165856082, 0.29311083606021138, 1.4491202714530765e-05, -7.3889902471339309e-06
61.848838685427033, 0.1408019747656962, -1.2727697705504367e-06, -2.7655515425249076e-06
61.884786100776452, 0.23778049471929019, -1.6944859628181699e-05, -1.4510803555813811e-05
61.958544950749626, 0.41998615641570236, 1.6382123053701586e-06, 7.6570874961136459e-06
62.002925899604882, 0.074465918656397748, -4.0729635223690771e-06, 2.0993311294850057e-06
61.980503108128204, 0.17420222676935188, -3.6231592694676378e-06, 4.86851418996661e-06
61.908207975771838, 0.2511384528476111, 1.2645795640126403e-05, 8.3240570268902937e-06
61.95294545745368, 0.26136853160914569, 1.3482229182755028e-05, -4.2390171128232243e-06
61.977213556163086, 0.15730288976720447, 7.3655153931184841e-06, -5.6754626697461438e-06
61.838769981355448, 0.2575779254060756, 5.6663809009905502e-06, 1.4228461025873224e-06
61.975676335407989, 0.19281667815606301, 1.1420101626411898e-05, -1.0563396272721292e-05
61.875283119219219, 0.36332453699587552, -1.1628058011282042e-05, -1.6821903419998367e-05
61.969038946909535, 0.23796215815348243, 4.1214147773568251e-06, -5.5871095972627404e-08
61.95875245663089, 0.85619461399560859, -1.6634560483117427e-05, -1.4515552564054519e-05
61.960400279338494, 0.22679500120301482, 1.1707263689888147e-05, -5.5919218586105008e-06
61.886685203048074, 0.23070099674402836, 1.5162695810165052e-06, 8.6773957011629138e-06
61.880830612470689, 0.14084611265051408, -5.1162452129028917e-06, -4.8713199304633977e-07
61.963386891554443, 0.088383742204657487, -3.6016506856919331e-06, -1.3808618606947823e-06
61.907517687345532, 0.058798941940000106, 6.5019467969664225e-06, 1.1249188532385659e-06
62.019112617555223, 0.21264675081176182, -1.5798063824531415e-05, -8.5218790447600345e-06
61.911615389161405, 0.41328758842769947, -7.0728509677978417e-06, 5.7200695944446289e-06
61.993630630126042, 0.41082227813941224, -2.2866524667900617e-06, -6.1552950543265518e-06
61.977107470832479, 0.16707854498409766, -8.1601849457172528e-07, -1.6001917605097688e-05
61.985857577955784, 0.32934364025806134, -1.1670440855928173e-05, 8.0106974491715968e-06
62.007392867367138, 0.68442585133535461, 3.197372453071733e-05, -1.3126780253555626e-05
61.914770337085152, 0.11054801526486555, -1.2687687506372771e-05, -1.2857038652201159e-05
61.878133407655227, 0.08927059089228738, 8.9853290352034105e-06, 1.9580345580519955e-06
61.918443404489942, 0.16349553553149931, 2.7082057050554049e-06, 1.7819925710879984e-05
61.961907707569573, 0.22014065986403727, -2.212094865322026e-07, 1.7369198045231728e-06
61.977435913038263, 0.30243841854687503, 5.1354866904764289e-06, -1.1707726664903997e-05
61.879819120668728, 0.24396054629898636, 1.0126846784516686e-05, 1.4837548536608047e-05
61.927393741093688, 0.33463927355327894, -2.7924559108311775e-05, 1.2573167057389946e-05
62.024244597047002, 0.19761900192350362, -5.5285984070353362e-06, 1.0978118896127051e-05
61.800119260305053, 0.21730511605476291, 6.8943110014860713e-06, -1.250128181620943e-05
61.943429624056726, 0.2973699870182015, 1.8934249099798811e-05, -1.1398095560505365e-05
61.958684324453124, 0.24356167390325079, -1.2256602994138875e-05, -5.5880350881559868e-07
61.873383097690436, 0.23666959318136491, -5.1858986612331254e-06, -4.378374194147053e-06
61.902740768803845, 0.097107171835260436, 6.4343747464893973e-06, -2.5392653322740901e-06
61.986561405429882, 0.19506789384462014, 6.3693912085104786e-06, 9.9069859848416121e-06
62.032393174237768, 0.23914367790978933, -3.6616872870960834e-06, -3.7275542099056594e-06
61.925017795305578, 0.21180630012247295, -6.5130145913276301e-06, -4.7283820509676456e-06
61.971519596850065, 0.066899073562501882, 5.2169585916212466e-06, 1.1239957345261596e-07
61.864588272993139, 0.30787227238082454, 2.6209558969007056e-05, 8.5161629106512872e-06
61.813375443959963, 0.33462180558766724, 1.0190335570668459e-05, -5.7250284308194377e-06
61.873533104610118, 0.28019134929529727, -5.3571794135386671e-06, 1.8789894797841022e-05
61.798339982826832, 0.56301984436843089, -2.8284116579219174e-05, 3.6076188388554971e-05
61.954023588876282, 0.5818098449871576, 1.5223713677771993e-05, -8.8686648308086175e-06
61.959842774807207, 0.51249082914339694, 1.2108311304973327e-05, -1.4820513717355566e-05
61.954798799283374, 0.15988514365101747, -6.3472910622884771e-07, 1.5101029677524625e-05
61.934699062179071, 0.10064970564145102, 1.1646889045067891e-05, -2.6777342773531669e-06
62.067767687199975, 0.10774750221211529, -3.5654231730569251e-06, -2.621733433513639e-06
61.956119327996049, 0.34612680713359861, 5.5329149998307622e-07, 1.0098833139922532e-05
61.977543502786702, 0.12566742524963703, -1.6333599321871939e-06, 6.9148573678569065e-06
62.008977415305075, 0.34668622746977712, -1.1496836969261079e-05, -9.0631234522554707e-06
62.10161536737558, 0.3775756452157647, 5.0855613121269155e-06, -1.253468896474285e-05
62.022911549667647, 0.19789139354335619, 4.5834074308501052e-06, 1.3486795920940865e-06
61.938111626236811, 0.060747120403025524, -6.2289459825235781e-06, -5.4543632917341723e-06
61.989650844982904, 0.37132245374821571, -1.4417831781836517e-05, 1.1700056564538635e-05
61.923428988707009, 0.064699601337738194, -4.7657930260372331e-06, -5.551925060276541e-06
62.000623609154495, 0.28621538688250581, -1.9701294909195815e-05, -7.1684004398128986e-06
61.96668954917331, 0.37226226240681365, -6.6223271859923143e-06, -7.2198586123923197e-06
61.964735742653872, 0.22600843117641792, -4.0893857984972606e-06, -5.4574192174579689e-06
61.973463101617121, 0.38673318798958595, 1.6367212232126256e-05, -2.3442742038016543e-05
61.978352870271678, 0.18800351365286397, 1.9703662728326997e-05, -1.3692155698014689e-05
62.050772579325908, 0.45445000019020604, 3.3576155756148668e-06, -6.5036446505156769e-06
61.892595853668254, 0.13973848181622525, -8.439380802910084e-06, 1.7093116971130394e-05
61.965299828103731, 0.16267419062310784, -5.1732052043115579e-06, 2.6670646842403685e-07
61.861891518061732, 0.22582472549525143, 4.7170345260423852e-07, 2.4672911733040413e-06
61.917958874350418, 0.28030098151916433, 1.5171197168367046e-05, -1.4637042720555021e-06
62.119000958437454, 0.22063228205482313, -7.9519328284712046e-06, -6.0237309590191537e-06
61.914923652663731, 0.057110067131153811, -7.8806576907811857e-06, -1.2230422992203594e-05
62.012025982588092, 0.34580840938505819, 1.5485004201177246e-05, 2.0869748855477406e-06
62.042546880230525, 0.24900841252880224, -6.5735497013817285e-06, 1.5780341767354453e-05
61.877875857694221, 0.33858708496040263, 1.9400789466652896e-05, -1.9798726895709832e-05
61.885139825638795, 0.24710480714794469, 2.6551606023328183e-06, 2.5468261728487744e-06
61.948168520998337, 0.26504754946382908, 5.3649353387880559e-06, 9.6944507142161144e-06
61.998328776199621, 0.17760968918974993, -8.4153872067246827e-06, 2.9735726623027134e-06
61.801677450197829, 0.26090358514769835, -3.9844355949141837e-06, 2.0413487070278244e-05
61.921774681393799, 0.33456383914599785, -9.9034409118521335e-06, -2.6671111682519039e-06
61.91142814800375, 0.28004569833193638, -1.3850631333409277e-05, -2.5630921346388883e-06
61.914087460450205, 0.13160897850703746, -2.3887151897329097e-06, -5.4743940457240124e-06
61.937532347892507, 0.201025550553982, 8.6664919774484599e-06, -1.0647836602417947e-07
62.000873797296556, 0.1926583110978306, 2.1064045493913395e-07, 1.7109852341210224e-05
61.92006642863069, 0.113052966510611, 9.387352869877251e-06, 1.784320243543828e-06
61.977056462601361, 0.18394593494757491, 3.3830713457346211e-06, -4.634839167066589e-06
62.035132979191452, 0.23279487681378955, 4.2626017942391987e-06, 1.378166822133474e-05
61.967484448955297, 0.47830966999856211, -5.7203925990289451e-06, 3.0695569820029577e-05
61.936917682240953, 0.19163202883377073, -3.4251120003412793e-06, 9.730397737093259e-06
61.962324025859466, 0.10511092236087688, 1.6479727154195959e-06, 4.9519870933884051e-07
61.92571570082206, 0.1203490379390027, 5.8416703739773857e-06, 1.0757234853568974e-05
61.959781986583728, 0.082444578814607108, -4.4479858717826361e-06, -5.4220928041244976e-06
61.824232822547707, 0.23127493421870338, -2.3372841681643421e-05, 6.2832585987211482e-06
61.988917935787413, 0.89703972851546654, -5.2133555691451733e-05, 1.5814306791336504e-05
62.035765575493819, 0.67747436894567992, 1.1098408962660587e-05, 2.6128377879376157e-05
61.972625845603716, 0.029538731472159328, 5.9209822370401548e-07, 1.7339667212489791e-06
61.902806795504013, 0.40109750051481152, -1.1231827941871545e-05, 1.3424391585242863e-05
61.94878405530222, 0.1619296566039253, 5.4911663851623749e-06, -1.088571012664186e-05
62.010983202048813, 0.36713206055695524, -1.6052820991001661e-05, -1.1276928886905103e-05
61.928447694763996, 0.05883767713365172, -4.4142240528339967e-06, 1.1554459984009554e-05
61.951737210623001, 0.11247302067395359, -6.3821725006545916e-06, -3.3402373351666952e-07
61.902224124075296, 0.2926325838689241, 4.7494484566996037e-06, -1.9880359022458077e-05
61.953421664713481, 0.22688466400024293, -8.3082096267015242e-07, -2.340813619376711e-05
61.960204192765744, 0.13925221929419079, -1.3432640307217035e-06, 9.0960510822817188e-07
62.013503392726328, 0.12254556567586412, 1.1831962393789854e-06, 9.5284533501509149e-06
61.881199388793817, 0.075035073983682199, 4.9652773754979812e-06, -4.0907771896537799e-06
61.999854675555781, 0.65024765501311121, -3.0814461554804738e-05, -5.7671927844544784e-05
61.966165741709588, 0.23030408509510614, 2.2920794713022966e-05, 2.1365586557792642e-05
61.910255753717095, 0.15995881038818266, 1.1548801798978069e-05, -6.3923160520786224e-06
61.855212275972164, 0.38962531946642859, 2.651160313183252e-05, 7.9617543567574768e-06
61.936205399985589, 0.38507631964257494, -6.0900665628943956e-06, -1.6748377193263554e-05
62.040303855739502, 0.11748417958297155, -9.7644554549504098e-06, 3.3977846549817844e-06
61.867877576744, 0.99258539984018679, -4.1497463734199999e-05, 6.6168515088371323e-05
61.917546301467262, 0.26019002958218429, 1.8881121414623792e-05, -1.7425689153921467e-05
61.936316122615175, 0.055530711162652471, 1.0366182796694272e-06, 7.5709017690075926e-06
61.946951318490278, 0.16754278888237398, -4.913568713775264e-06, -3.4280019200903685e-06
61.955971667392859, 0.15174927422476342, -2.1535318241555927e-05, -9.1462263913588221e-06
62.032814150299323, 0.50592924257904415, 1.2040997449678808e-05, -1.7338829658058609e-05
61.923107515640638, 0.3839672215761627, -1.9367958735392345e-05, 1.0761535028254699e-05
61.94814958633647, 0.11235879198229079, -6.7128272758988606e-06, 1.5011539910463662e-06
61.937040628200215, 0.17743326323442443, -5.870592988583951e-06, 1.075949173173786e-05
61.870577309732354, 0.346432825759103, 1.5191097386216566e-05, 1.14180102784429e-05
61.913777702552323, 0.1984566164574034, 3.6983691093785103e-06, 3.1463132421964068e-06
62.026142178459509, 0.74786594918105054, -3.6678606654834281e-05, 5.1577382973770085e-06
61.959958116488991, 0.13418212563065765, 1.3676539824758798e-05, -1.3526655797898601e-05
61.863766229197751, 0.26892481516766087, -7.6432854699183115e-06, 7.9842004523957407e-06
61.952861175518898, 0.08597998226708703, 4.0198757756086831e-06, 1.4364389168170275e-05
62.002435560760716, 0.074081590596504099, 4.4263915639911053e-06, 8.7463042046264605e-06
61.915798426394211, 0.20960856807115055, 1.5308542839482945e-05, 2.2668837237087656e-06
61.917438804653379, 0.071942510495850584, 5.5591011159457536e-06, -9.4669447315748191e-06
61.946754532255234, 0.1883800743675931, -1.5604587237352202e-05, -1.4579056491941352e-05
61.949543322248658, 0.14856385988856119, 4.6895205797573601e-06, -1.4330890902660526e-05
61.887716114318025, 0.15082034197775654, 2.8912546972440997e-06, -6.8787205747726857e-06
61.924665874023361, 0.18590643886106142, 1.4668966773109068e-06, -9.1888760789950893e-06
61.860584281615346, 0.2538434055557679, -7.4275882939985346e-06, 9.9691199909720015e-06
61.903674517608422, 0.23327052044202931, -4.8586029051464107e-06, 2.616933416751773e-05
61.960744401039562, 0.07486967663218673, 4.6222023280832917e-06, 6.6590036298063487e-06
61.948904899907824, 0.3133233952615645, -8.4147118336860485e-06, 2.3222256805413549e-05
61.940503812067625, 0.23301332745479789, 1.0027145401534562e-05, 1.7272825059060331e-05
62.049169986542815, 0.13014664384221739, -1.1963012828003912e-05, 1.3672321642534301e-05
61.924463445443706, 0.15563361554385438, 2.4801771746098341e-06, 1.2498445049785847e-05
61.928744985591614, 0.18837211978755006, 1.0481334244879843e-05, -3.7150921503666178e-06
61.983688119605908, 0.40365635107772779, 8.3646860534861951e-06, -3.2879356484726519e-05
61.950246134593968, 0.15145342977313067, -4.3788126563022938e-06, -4.1320997790747862e-06
61.926489544801377, 0.36375817108807007, 1.954631352411518e-05, -1.2233163439517899e-05
61.836354174925731, 0.059046762106378506, -5.2810006186304901e-06, 2.0577489214162304e-06
62.020199343589894, 0.084590555232916573, 7.8149099740810355e-07, 8.1694597376185105e-08
62.043809506368319, 0.30765443208329835, -6.1290237620853315e-06, -2.2481476212812158e-05
61.962047170925004, 0.1097717001031408, 6.7047446137918753e-06, 7.0779554348370597e-06
62.017582848325823, 0.38118982215667369, -9.8390960694083084e-06, 7.2887743250342162e-06
61.983343613643513, 0.053754526295561218, 6.3738555362000189e-06, 9.3507581832418905e-06
61.975597020393771, 0.48329980299752295, -1.5667090251253402e-05, -1.0056821271531258e-06
61.88858442380527, 0.086347502090972611, -1.0746720410127049e-05, -5.6962094721613304e-07
61.811747599328264, 0.69349418247151939, 4.0392532745381734e-05, 3.4356459247535882e-05
61.971413741571702, 0.49980144492858886, 1.5959286214049657e-05, -4.029223378243545e-06
61.966598497079865, 0.19500281456944266, -9.3440244087116384e-06, -1.1418248451458305e-05
61.873585399456751, 0.17222652444525013, 1.5905252963315193e-05, 8.7021283104057835e-06
61.954646203098264, 0.3149080366845361, -1.365212878749155e-05, -1.9189515270353477e-05
61.837821050643974, 0.11649006906461858, 1.165356051098642e-05, -6.5662305086890995e-06
61.974264185796379, 0.38139959963412312, -1.4712297657333202e-05, -8.3592448034638356e-06
62.016321953636648, 0.190882087689382, -1.1707817035566415e-05, -6.6277187225455672e-06
61.971072318956068, 0.10160852018364706, 1.328125109313935e-05, -1.4733120477563731e-05
61.958937506645327, 0.36560294680680988, 2.1084062710768731e-05, -1.3297150078945741e-05
61.888432329582919, 0.20278102841316853, -7.6433162121985251e-06, -1.5472071413423863e-06
61.97042814707423, 0.14705568633088598, 1.1241686406258092e-05, 6.945649872697771e-06
62.024190478618287, 0.20839857754828051, 8.0025520044338488e-06, 1.6638793190615635e-05
61.976663027981616, 0.14325175796509804, 1.2717130438126731e-05, -8.9113457324865973e-07
62.009580322018792, 0.21837152389342163, -6.1821991715232228e-06, 8.4540252754777157e-06
61.942160586561641, 0.27876287857077398, 9.7562690134020859e-06, 6.6847004134520575e-06
61.924438266786034, 0.7781921928556198, -1.6805050916474713e-07, 9.8138976198137599e-06
61.86266237287284, 0.068518499802352265, -8.484582264559993e-08, -4.3971256726853934e-06
61.906329872838462, 0.14126281527047696, -5.5738690148785406e-06, 1.0367797921148018e-05
61.904048831552693, 0.19398765942830973, -1.3205834300274067e-05, -6.1511703580395572e-07
62.01167320512041, 0.050941649171296684, -9.041418396975222e-07, -1.9891416626935045e-05
61.922912448512335, 0.77724640027296465, -1.663700250592608e-05, -8.0876984391078159e-06
62.018692394023745, 0.23097344748125295, 8.817415945609387e-06, 1.5548037477392142e-05
61.999911663874599, 0.14809650836760876, 1.4499307323517906e-05, -5.1202004537977775e-06
61.907202249158821, 0.23575110976067559, 1.9224369050291731e-05, -7.2679657673217232e-06
61.895497518966344, 0.75314169435194256, -2.4879401135573726e-05, 1.627280906641447e-05
61.954206179424837, 0.23067056191216867, 8.3069724739011745e-07, -2.0968238664092232e-06
61.975421943557734, 0.1018316414477243, 5.7619618418543742e-06, -2.8083988585476381e-06
61.942841752428698, 0.14306950492094356, 5.3597735414703612e-06, -4.8522204995668038e-06
61.973171880773002, 0.19635701582861767, 7.2060135996533987e-06, 5.9481399054761876e-06
61.924933783867829, 0.4588004657111498, -1.8431391718445262e-05, -5.891540971936145e-06
61.911650906098238, 0.13422073566904205, -7.6730273085027806e-06, 3.256817558984394e-06
61.977099624688471, 0.17387812235484348, -1.2773362939743868e-05, -3.2449302142892844e-06
61.890899218899264, 0.048433668519564842, 4.3237482576500146e-06, -9.2264654108113756e-06
61.894702098176573, 0.035395626288885672, -6.6709983447231214e-06, 9.938925136167657e-06
61.824189798040535, 0.23998796244312751, 1.6276891668414226e-05, 4.3585228655201486e-06
61.896077230811471, 0.65462699587331219, -3.1812533842410713e-06, 1.6538180739883915e-05
61.922752504834818, 0.21626641939960695, -1.0342755024370011e-05, -7.1049770043337655e-06
61.903313611458259, 0.29120383182421822, -1.7717439816922014e-05, 2.1972244793020472e-06
61.903702578046634, 0.33748133453178014, -3.7404642277216165e-06, 1.7897867223314392e-05
61.969671190139707, 0.49015947198347259, -1.7631865432109352e-05, 2.4960397561300553e-05
61.83417273452536, 0.32062379393222062, 8.6291004177441644e-06, 2.66162510420525e-05
61.819507494310606, 0.27415713111273304, -1.6069166113337368e-05, -3.3489198380084712e-06
62.021846600367958, 0.23403614500086864, -1.0009231974223295e-05, 3.4899482753300897e-06
61.989600281996942, 0.38544222605496498, -1.0618508797270743e-05, 1.1385182262680782e-05
61.974124650161762, 0.18981465645165116, 5.1273808771443152e-06, 5.5622839735676564e-06
62.025760372856809, 0.31508672548569289, 1.1360708312431238e-05, -2.6101667018573296e-05
61.92916122338022, 0.072828319022820678, 3.1653124587141192e-06, -4.9999033507138597e-06
62.001539625598504, 0.11132690579045244, 1.0840463909548847e-05, 6.5593832857183221e-07
61.890322064473096, 0.40179028840304609, -4.4436129065147717e-06, 1.8758732114059412e-05
61.960369133656819, 0.24903303997704535, -2.0340584745824449e-06, 9.7808294225985988e-06
61.838473852939103, 0.26815215951014776, -1.6302963882229106e-06, 9.9447786104110864e-06
62.036652704156445, 0.5430494102934772, -5.4545495581773353e-06, 2.7171636332399209e-05
61.900806692519303, 0.23704492196837976, 2.0389716479348212e-06, 5.5393467557907162e-06
61.970507605728592, 0.41946805808950444, 5.9422898294365431e-06, 1.5815113347142389e-05
61.972635161648533, 0.12136966196477195, 4.4636000441204816e-06, 1.1469531138279166e-05
61.966170268631615, 0.050591794828238966, 9.9954481748769359e-07, -6.9462167315836984e-06
61.946966636814338, 0.268658001577465, -8.0171775880947064e-06, -1.9265614614964116e-05
61.995289968381485, 0.065257475785457875, -3.2640873958956415e-06, -9.5893478615933302e-06
61.928389830185672, 0.31068266982141013, -6.5834781311160987e-06, -9.1145166241579885e-06
62.039973469005432, 0.11482777881806955, 6.1454385384895218e-06, -2.9682287805619022e-06
61.945203598609268, 0.3673854733120529, -8.2986745664611977e-06, -1.4491014463303181e-05
61.857722403926694, 0.18999906275271072, -2.4948722843587378e-06, -5.9115326639346319e-06
61.979993342608289, 0.79376504221016286, -3.540303481204455e-05, -4.4067375179419978e-05
61.952790357054624, 0.74589789152459296, 7.6266456594718826e-05, -1.5841783492854203e-05
61.993344301039564, 0.17790878829513948, -3.1016374962691351e-06, 9.5981039800041218e-06
62.107796773979622, 0.17637469168751133, -1.0475868409465232e-05, -6.4757516767284123e-06
61.880477346999577, 0.32296710602493583, 8.9993038541192251e-06, 1.7803248905559597e-05
61.997498103526951, 0.37776076197258002, -1.55595525822064e-05, -1.8160526052855274e-05
61.878675130025499, 0.34239706288965543, 1.2088972199531464e-05, -1.8022172400112061e-05
61.969400662864281, 0.683466105575395, -1.5281311190888469e-05, -1.6065550399289804e-05
61.903123634348844, 0.12895898330394839, -3.5859229942237878e-06, -1.0881024320875454e-05
61.857696764252594, 0.27311407298102103, -4.0908818104445957e-06, 1.6699079654595664e-05
61.985576660742019, 0.067106309715398244, -8.4469968478308045e-06, 2.6410382857543257e-06
62.001092210419841, 0.31353109988001659, 2.9095617461268902e-06, -1.1870629913539158e-05
62.042538893572925, 0.051449343882718157, -3.2442972064555655e-06, 1.6079995278844908e-05
61.990754597588783, 0.10823171771347155, -9.5864279141003171e-06, 5.3803627162442428e-06
61.983197981417042, 0.5118658638796505, -1.842100013256736e-05, 1.8743795650036717e-05
61.961694971411355, 0.35669225547463501, 2.0571455758486913e-05, -1.2197447881489415e-05
61.909714507984809, 0.25866420744040303, 1.2499162459040737e-05, -5.9772745553492322e-06
62.010074282356285, 0.23322995306341951, -5.6048262537812985e-06, 1.1317320776456768e-05
61.941240552351161, 0.53284547046368724, 7.2619215241912961e-06, -3.7004456707927146e-05
61.95189582807339, 0.33842232724031179, -4.4673741846326186e-06, 1.928647203745893e-05
62.027471782681019, 0.25680591041714285, -6.3941782914850228e-06, -1.357338573018553e-05
61.966848257515288, 0.2764530939100216, -9.6246480860568472e-06, 1.353554236343958e-05
61.932038415318452, 0.037599041227070397, 5.4496194401432041e-06, -3.9484586589323302e-06
61.920337773696893, 0.22136841071140709, -2.1544607881445348e-05, -1.1382235165727817e-05
61.948231204367218, 0.40418690501956606, 2.0098518218262498e-07, 9.4191565787385316e-06
61.968185977373608, 0.43576645389510832, 8.6675189986743646e-06, -1.7359578843837199e-05
61.963355637515349, 0.23739987658069331, 9.164573364191521e-07, -1.0901441717130608e-05
61.946342496429615, 0.19558452944984225, 6.842427595209263e-06, -1.221740932812721e-06
61.952575553085396, 0.28911814155078575, -2.0233828560554206e-05, -4.4636703806766047e-06
61.891710394262653, 0.21043180091615329, -1.7035251329033559e-05, -1.4971259802548017e-05
61.852613484327968, 0.30138791875548454, 1.9776638889809501e-05, -6.8624128625583734e-06
61.898680892959845, 0.094345730008224715, 4.0723242539693841e-06, 5.3317204992224572e-06
61.918216330231324, 0.45681245887220889, 2.0187312653202656e-05, 3.659074939752926e-06
61.946203675510105, 0.1812986790390079, 9.6378902769586414e-07, 9.4827603217788862e-06
61.901820979885613, 0.12294696989351246, 3.9264107122535865e-06, 4.8185666256912427e-06
61.923240626718837, 0.13035995428578806, -2.6171075922452922e-06, -1.4046112097636662e-05
62.000753502083384, 0.34237119739173605, -1.4634516192950529e-06, -1.2757513193675212e-05
61.917346518754037, 0.44232372718786872, -2.1170688036193563e-05, -1.487511814756587e-05
61.901955720350351, 0.42560448596734124, -2.2616113828658787e-05, -1.824221633298872e-06
61.957401104064942, 0.13722408289138657, -3.391209608784751e-06, 1.8413639445418854e-06
61.850807817648437, 0.40162586799813083, 6.5787371713194158e-06, -9.6530404177790519e-06
61.92972335584556, 0.16291038468446742, -6.3100360374516878e-06, -9.6724967809770846e-06
61.959473032783606, 0.1985137547679372, 5.9117002182620074e-07, 7.5409231181462219e-06
62.06106114087617, 0.27677205211175582, 4.5164757619171055e-07, -1.066044758808556e-05
61.927685936344318, 0.23239616411963804, 7.715730510970967e-06, -1.9151417756800609e-06
61.973668973565161, 0.24044406588965775, -1.5112241476282443e-05, -1.7636624002874467e-06
61.850173541984965, 0.89102368204996052, 1.828655965711039e-05, 2.3942843031526315e-06
62.068113312008272, 0.15797013898209222, 1.5414516544206258e-05, 2.6959137935645786e-06
61.987695974964168, 0.037758785865843032, 7.7796637079610182e-06, -1.8843981351768006e-06
61.948048850904442, 0.10627135767894424, 7.3893605813844183e-06, -4.2949753132455448e-06
62.008708512174742, 0.39003987393417588, 1.9998563533109822e-05, -3.2574002427440129e-05
61.962787722621286, 0.18130414919472956, 4.1194563352406029e-06, -8.2726887452110626e-06
62.041354157333984, 0.18520074527674724, 2.0661168231003974e-05, -7.2274546764178458e-06
61.975791957421848, 0.29914689109550274, 1.5329523785709235e-06, 1.7437080850549318e-05
61.853343535095121, 0.28862522930407619, -5.2385921058290426e-06, -1.1582132806036527e-05
61.983028399504775, 0.2862267538354093, -1.8038277525991552e-06, 6.6245368429057851e-06
62.006386882116715, 0.14491550642778162, -8.1890391924091217e-06, 8.8388181919643542e-06
61.999692356664362, 0.36251676724274834, 2.1935433946163029e-05, 2.1927648408040231e-06
61.997298638076366, 0.015044142835960422, 1.040061422680554e-05, 6.3803435370567677e-06
62.050319298707443, 0.17269163827728512, 1.5783709316061756e-06, -1.114802806824697e-05
58.159503417565965, 11.883053507282074, -0.0005037451236740828, -0.00014678125930747292
62.014022544655511, 0.36359668234564485, 2.9575953534400834e-06, 1.0760299623907662e-05
61.907032416324711, 0.26456361824600949, 1.6080811627740038e-06, -1.4007173309241873e-05
61.972204847092499, 0.23496521001205642, 1.6960370063796559e-05, 8.0254529622511409e-06
61.948530898699055, 0.3333900618056676, 1.2392918740970597e-05, 1.1019581877938359e-06
61.884548437874862, 0.33327578721013162, 3.0317506121982376e-05, -6.6869027139671883e-06
61.981824604609585, 0.63091446622557679, -6.9892089015228861e-06, 4.5976315797760509e-06
62.048296927863326, 0.20753610292818897, 1.4490772831016471e-05, -1.0695480902792104e-05
61.961055279870692, 0.36144582057305258, 1.712497825657584e-05, 5.8289913561395792e-06
61.930327481725278, 0.23961783273757922, 9.262233748527489e-06, 2.8801033087607642e-06
61.994863409858674, 0.18659991779945162, 2.0470881602198889e-05, 8.7231239483193132e-06
62.006363894395903, 0.51143678895661604, -2.6238788119632793e-05, -1.6301849783363908e-05
61.90262638792467, 0.23837897632816185, -7.3424961202326917e-06, 2.9207203358644441e-06
61.988666961128963, 0.35604043212785597, -9.7603669765009448e-06, -5.0753800534181261e-06
61.859356005840951, 0.25659339174028684, -7.7307154245845616e-06, 1.086241265665612e-05
61.954303879686037, 1.1466277814429224, -8.3908617984747045e-05, -3.8098391379991906e-05
61.826491885442209, 0.42171105191827141, -2.3579885929313189e-05, 3.9153169645796887e-06
61.979778290419944, 0.20412553104678061, -5.6354423725685787e-06, -5.4658149324409482e-06
61.97202454972993, 0.3571801199862451, -5.641185815642473e-06, 2.8010547042280467e-05
62.105430543726484, 0.32958872172733222, -1.7028267797218032e-05, 8.3332236326112133e-06
62.034117541140709, 0.47315955775709462, 2.377895063161683e-05, -2.7201570249987034e-05
62.021398562161963, 0.31782862294311637, -1.3958560214354838e-05, -1.3831839419853644e-05
61.832229130214969, 0.21343633234122461, 5.1197912193520346e-06, 3.5232648556777148e-06
61.967618426051374, 0.15626203777612171, 2.9220522328868319e-06, 6.1039172910709647e-06
62.004585741494893, 0.28271064053210893, -9.1848353167877012e-06, 1.21693346779193e-06
61.968850835530461, 0.13560680993156982, 2.0523097505615789e-06, -1.2298198677169914e-05
62.02127372535481, 0.18063820798099897, -1.1885634208047153e-07, 4.1179600459982842e-06
61.943430062605323, 0.3871404501017468, -1.1470393851174485e-05, -1.686966322333357e-05
61.875939192439404, 0.31030238986383679, 1.498014763056395e-05, 8.2090269070878881e-06
61.959622757272186, 0.11049121845289203, 1.0067991327893326e-07, 8.2686162485071267e-06
61.82764208218326, 0.12923325066521044, -1.2539985850181085e-06, -1.4388288935579193e-05
61.989010547884277, 0.34786269991752139, -2.0110931876712971e-05, 2.0798050240446022e-06
62.056842219786979, 0.20371662253043882, 2.2738749198131025e-05, 1.6869155231637259e-06
61.992944354775553, 0.35747243104079224, -5.6468625465491903e-06, -4.4160221764783751e-06
61.893161872474664, 0.082246750916754277, -8.4725833337392323e-06, -4.360617430247709e-06
61.958805220901631, 0.09323405563504715, 2.795736424010896e-06, -6.7479882456307844e-07
62.013396762183, 0.24000724751952254, 6.6616694415829286e-06, 1.1136939867428367e-05
62.080176879801556, 0.091698581427187051, -5.1186216869265927e-06, -1.4040324802762959e-06
61.958909697798163, 0.43621027588214467, -2.1921299767422676e-05, 2.0343745954598928e-05
61.829338192405821, 0.26733865070695645, -1.3492906296124738e-05, -1.6319304103640064e-05
61.98557294267858, 0.14890498677583305, 2.1881593476918632e-07, 3.0750783622005123e-06
61.998976026137399, 0.12569935809418747, 2.0788824152120458e-06, -1.3440159651289012e-05
61.940020633333909, 0.18462431447642336, 1.4842532405520188e-05, 1.1100467856262815e-06
61.933667821545036, 0.46668219613068673, 8.6880791103775765e-06, -2.1005315363022957e-05
61.85491113058707, 0.087404873757416068, -3.5737830669312498e-06, 5.6687348939817195e-06
61.96150927966012, 0.10637416644402889, 2.7381729200065356e-06, -9.3852400098175462e-06
61.95916579290212, 0.44215569697900586, -2.5470621044539209e-05, 9.7955790458503685e-06
61.854462828150034, 0.43412256921355974, -2.3347508198331797e-05, 2.2244047619126699e-05
61.990588386146328, 0.26842684043296827, -1.2176745859125259e-05, 3.7388948335393763e-06
61.9124880751856, 1.018348753168262, -7.361710796408784e-06, 5.9802815942056936e-05
61.934391144811613, 0.3971736490239105, -3.0059127949527468e-06, 1.4197519879160417e-05
62.025131007168348, 0.30063291832677624, 9.3798987026509155e-06, 4.3321777414794286e-07
61.969615873010035, 0.33320401338901151, -2.3803842767372557e-05, -4.1074940186368656e-06
61.883619045899735, 0.14974608981007306, -1.1394750115817184e-06, -1.4462929273209131e-06
61.966378224190699, 0.18163217185797864, 1.1360465067568286e-05, -7.3079465274765279e-06
62.040728582228503, 0.26184179768659216, -1.7917462002453043e-05, -1.399341333509208e-05
61.923028886501271, 0.1306362350372671, -4.0871226807266614e-06, 5.8574637998741252e-06
61.937326410050865, 0.43066378170923419, 1.4228776954759798e-05, -2.8882577483675861e-05
61.897102502494711, 0.32199710820942995, 9.8500852214461928e-06, 7.4460233787281487e-06
62.144366210594114, 0.20291431478079588, 1.1134690941452455e-05, 6.8144329737061879e-06
61.91131513743543, 0.25666756161106363, 3.2140882908891508e-06, -3.9268697383477474e-06
62.022939270495392, 0.091088041300162001, -2.9489401013410489e-06, -7.9292783568326057e-06
62.043090747461967, 0.30164132954879719, -2.1060325310231804e-05, 1.8038010069330907e-05
62.016222181257127, 0.52580498150401267, 2.9727867547630202e-06, 3.1267320547662419e-05
61.889469654260701, 0.23839565253049988, 3.2483610666823546e-06, 1.2620480481653324e-05
61.893819267191923, 0.389784407582007, -9.7035258664995088e-06, 5.2741355365914206e-06
61.828433591518632, 0.40781093354862236, 4.7587826015279141e-06, 2.7854164538614339e-05
62.033672284885391, 0.20145157902299088, 1.7962054092567677e-05, 7.3889154148365762e-06
61.846587514064943, 0.091529644607406271, -6.073265870302129e-06, 1.7057536451478552e-06
61.895579648575541, 0.53808241340048457, -1.8989098342619647e-06, -2.593894662150376e-05
61.958857219071263, 0.18888697752983946, -3.5453800681996691e-05, -8.5152479550717079e-06
61.960548642474755, 0.15703778257130316, -1.9467654808822228e-05, 1.8387450138344041e-05
62.037144854833976, 0.54994245226555483, 3.4665732946003756e-05, 1.3117785191211466e-05
61.959735966607582, 1.3034950434760562, -2.7701493461102449e-05, -2.7017922577436876e-06
61.950163905068585, 0.49848831808373512, -4.2207132996852125e-06, -1.5699080866683304e-05
61.958359055391703, 0.15807384114856157, 8.8229627492828628e-06, -1.293683212440807e-05
62.005472465090996, 0.41471195628668966, -1.7150174404261171e-05, 2.357349331793375e-05
61.975107338018624, 0.14853792946108843, -3.5321480216613138e-06, -8.5237673310569958e-06
61.92664779695091, 0.15191457844271383, -9.9028960853723694e-08, -1.3474711390713588e-05
61.985604002922486, 0.14966188677866332, -5.7046555776001405e-06, 8.7268750279676364e-06
61.966811029639587, 0.18057289990634487, -1.4166699590634854e-05, 7.017087814033452e-06
61.917429410691682, 0.14815978619759559, 1.2612186911450766e-05, -4.1333223512753935e-06
61.942389414193741, 0.12911514519393807, 1.8840434236341135e-05, 5.4067431063859566e-07
61.948625517951783, 0.09880167124780033, 1.5133106663449683e-05, 5.6940339190913431e-06
61.878069939624595, 0.15029293537798769, -1.3025826045424513e-05, 1.2892098702997682e-05
61.985969656118947, 0.17592102262393178, -6.7754628540999117e-06, -1.3823982829389941e-05
62.061438036102174, 0.19693782129183943, -5.4005385572055107e-06, 7.4124924265678238e-06
61.966992024565862, 0.17718489134698923, 8.079976779771682e-06, 2.0555923847049544e-06
61.937510565873055, 0.24455935301967668, -1.6912183223987086e-05, 4.5063984201876258e-06
61.913985674584772, 0.022138771560059788, -7.2103549869255029e-08, -2.8751279776241535e-06
61.772478792865712, 0.28228860353332841, -4.4279393717964187e-06, -5.2118915766256668e-06
62.081776084444336, 0.27826417031780398, -1.038031212071264e-05, -2.6432781339478391e-06
61.935787637467264, 0.15068466090263435, 8.911024583322306e-06, -5.486486860544788e-06
61.902900451449945, 0.1461966351412704, -7.0724831365272842e-06, -7.9267282107552649e-06
61.991381444113841, 0.55679685389896227, -1.5062679387822464e-05, 1.1829630413900713e-05
61.957481701127989, 0.1414619210102819, -9.4382467569340845e-06, -7.9274734057527437e-06
61.86973383910351, 0.29165829374791885, -2.4092972680207438e-05, -9.2504244882138388e-06
61.927905904772629, 0.34709680401352477, -7.4566443884663403e-06, -6.7200200902203504e-06
61.904108613876119, 0.10124603868887125, -4.4877398337754072e-06, 2.430370421646424e-06
61.903208506940253, 0.61282874617852967, 1.5724451481223992e-05, -4.4158309405821073e-05
61.975987708851157, 0.22202431962085303, 6.8474693513554688e-06, -4.1556487056328247e-06
61.862959885007292, 0.31986769581732594, -1.0619242798242995e-06, 4.9493459247350411e-06
61.946542466170499, 0.14376697140606767, 1.3089554669256788e-05, 1.8289252837605653e-05
61.996257672003352, 0.95853159711291391, 3.3967562153987025e-05, 3.5796088890530564e-05
61.914782646037686, 0.087525461579027686, -4.6587543586546687e-07, 8.1482899938909262e-06
61.817314621306274, 0.26109926202771616, -8.9625323001992205e-06, 5.8054118407463547e-06
61.91311498880426, 0.063161263006291032, -2.5486004073188634e-06, -2.0894640741701346e-06
62.017939373191332, 0.21700760760573035, 9.9083524114746926e-06, 3.1414323554519084e-06
61.933221227193989, 0.12070964058041413, -1.1535219434875824e-06, 6.5084924390720789e-06
61.974634282640388, 0.32506227260445969, 7.2653089386253167e-06, -6.7295529055945541e-06
61.938273583806961, 0.10387823430300523, 7.6097689111659176e-06, -5.5947112691621794e-07
61.858100597820687, 0.4127584393958168, -1.6252515421523373e-05, 3.0375275676037374e-06
61.998844828232428, 0.096449218287110547, -1.963557256726244e-06, 3.5027625504247782e-06
61.933735321870188, 0.25403894150561779, -3.5562276254833683e-06, 2.7858035178276321e-06
61.864613216085054, 0.34491757281061192, 1.4521955711688505e-06, 2.9863347667594836e-05
62.046548239274415, 0.59584490170492355, -3.1432743558124401e-05, -4.8758278614499483e-06
61.985765224381453, 0.29163394421500283, -3.8985153428238962e-06, 2.1266360723965839e-06
61.988547377159875, 0.16550246811994906, 3.1114563268524899e-06, 1.4096466959389028e-05
61.817343984557127, 0.21755274639572839, -4.8648033020266941e-06, -3.5837134007648398e-06
61.936238659608584, 0.40252944104873456, 1.4908761326403313e-05, 1.4624438274096264e-05
61.944277446803319, 0.16977685941553561, -3.008657200708163e-06, 6.5452440915613054e-06
61.91821091132956, 0.055252324968772783, 1.4639546487822478e-05, -5.0905223928824463e-06
61.971848295056112, 0.19405084843168738, -1.4700389639897392e-05, 2.0237772841885621e-07
62.081370061008101, 0.25456097013381002, 7.2925688357330918e-06, -3.9785959600919905e-07
61.997607375065783, 0.10859589953821423, -9.0941133261355661e-06, -1.173421853488475e-05
61.910304848743813, 0.25004662236264136, 1.3870027477946624e-05, 7.2903888216147883e-07
61.968676112950298, 0.22405185374958797, -2.5233101115621553e-05, -2.0167331581108242e-05
61.959729642840678, 0.23797955295599116, -7.8709199241227979e-06, 5.8234430920320052e-06
62.002097919070827, 0.44917137044639333, 5.8810112073874945e-06, 1.199654947215541e-05
61.9379683598358, 0.23090444302888694, 5.5041544869628893e-06, 7.0903345447792598e-06
61.900760650458267, 0.13120252241901442, -1.895889462494453e-06, 1.97324046394231e-05
61.937887255172349, 0.074391998059529771, -9.6843366568710147e-06, -2.8577292983149946e-06
61.898377392843429, 0.4587776945802039, -1.0177016941779915e-05, -2.1795407246169343e-06
61.964875069580017, 0.080622534233079343, 5.9564429295527377e-06, 7.0584031961348639e-06
61.957854509278974, 0.26887795840870932, 1.2221444952531379e-05, 1.9583705630197328e-05
61.922002113528016, 0.47288095217826737, -1.6184901153904593e-05, -1.8174124612872175e-05
61.953611957259078, 0.24288189284302172, 3.4331265768239022e-06, -7.6789624571836666e-06
61.926080407871147, 0.049831842668408032, -2.2814131157800298e-06, 7.1000007338338444e-06
61.948484470816403, 0.22325558210796784, -4.1100595857027876e-06, 1.2720989580700679e-06
61.943390547068688, 0.34324875983249897, -1.9097902725086276e-05, -4.862579028186065e-07
61.931056755494133, 0.29589931753191295, -3.6666872983396296e-06, 2.3249424412915325e-05
61.833913836169693, 0.2336074348981747, -3.9911282553784843e-06, -1.6033514811835116e-06
61.929942979652246, 0.63842178381848624, 4.2975799084586257e-06, -3.4668869296092832e-06
62.003515803928167, 0.18649092262121159, 1.138044883515503e-05, 3.8723525419537651e-06
61.802620689691437, 0.54805792057498359, 4.9709625346212523e-06, -2.6768577870582005e-05
61.954911514149714, 0.18427931740002707, -5.9385860130800609e-06, -2.347752295606335e-06
61.880275154907032, 0.11323384917895229, -1.0991812941387162e-05, -2.1498403082951802e-05
61.870668592167789, 0.055377100875351325, 2.2551620511074403e-06, -1.2807552092427567e-05
62.087508790792775, 0.20638682755142568, 9.3814111065515149e-06, 8.6949550792096635e-06
61.908509629831819, 0.25192806426531894, -3.1558979912300979e-06, -6.3916076920535751e-06
61.845195815674096, 0.25892835744415293, 7.1211061198760093e-06, 4.7548306037020361e-06
62.064481024858118, 0.62205423714481189, 5.951414792580496e-06, -2.8735081215370619e-06
61.96606908283399, 0.18628351277223776, -5.0827590234413592e-06, 1.4933537034024634e-05
61.963308768837678, 0.062632126067378169, -5.9106901314017807e-06, 7.4563489442920567e-06
61.926794184870516, 0.31634727399244988, 1.1941216644979933e-05, -1.9522285066282754e-05
61.942371942048304, 0.080351235917857228, -1.2396925584765565e-05, -7.5788248645187394e-07
61.989082772987246, 0.33877011551210279, 9.0261769427000004e-06, 1.9608551271179163e-05
61.928318708037963, 0.1155520827816338, -1.2181705400441028e-07, -2.1017647802713145e-06
62.028412667881639, 0.24154749393713082, -4.3719672328479795e-06, -8.7625139448391625e-06
61.933108573198226, 0.55957486520675737, 8.8417039521838294e-06, -2.1308626000851138e-06
62.017699473192351, 0.249520738405758, -5.8952725794720318e-06, 1.6476493257280621e-05
61.90636246908123, 0.088418564471567887, -1.2883443576715318e-06, -4.0806678974266247e-06
61.919738919199695, 0.16090792076694496, -5.1332958904907961e-06, 2.6480500662166568e-05
61.957964332282842, 0.326580783965843, 3.1332668626095643e-05, -1.4299563676704832e-05
62.000323134481434, 0.25763450984191039, 1.7443027640081791e-05, 8.1337782167023696e-06
62.065657587124839, 0.046449560341088228, 1.925858630310574e-05, -8.1203073542841374e-06
61.915993753463397, 0.18647285209034972, -1.7776914633933583e-07, 1.8265563262007313e-06
61.928771982265872, 0.20149355165056615, 1.3954126201935104e-06, 1.2221092502081099e-05
61.938891215797085, 0.47015697725940414, -1.031212034092593e-05, -4.4345230058002647e-05
62.027718243175876, 0.19840367517250621, -1.5335049501687168e-05, 6.1384604512013918e-06
61.938008219860308, 0.64831439391872769, -3.7888913675651e-05, -5.4512449442168387e-06
61.913154464299978, 1.3198943451974803, -0.00012717420055531007, 2.3531112880305681e-05
61.86026149929851, 0.42864760132225294, -9.4308673493125296e-06, 1.1479522016710347e-05
62.039006834974572, 0.10735563687785911, -2.9157920044905158e-06, -5.0742591738713198e-06
61.958890430227541, 0.17442305709744191, 8.7481280970199715e-07, 4.3490017003398982e-06
61.984147272833269, 0.27710556231811256, 1.3035024254771121e-05, 2.9835153443022871e-06
61.951083017999068, 0.29471001532407765, 2.1813166609181779e-05, -6.7055077078049275e-06
62.002609983874365, 0.45965776497632022, 1.1572082110229986e-05, 3.3306585797851351e-05
61.892035443350984, 0.39474416685417107, 5.015017768360584e-06, 1.2989005452602847e-05
62.045140920613989, 0.062759424316551585, -7.1171823807094869e-06, 6.9132977118571832e-06
61.945949924077361, 0.39249537182665345, 1.3841473749711061e-05, 1.8188791491756944e-05
62.005591622044122, 0.20074258189197539, 5.955045033149957e-06, 7.928132491217478e-06
61.946059379204591, 0.091071575440432886, -3.4897223114771472e-06, 3.6958964267616173e-06
61.977222639720466, 0.14250374259391096, -1.1483105796544372e-05, 1.0291681275628693e-05
62.065933063281044, 0.36378652085521784, 6.1095630655434784e-06, 1.4023866763565313e-05
61.962246685470461, 0.18325138387248749, -2.7764907770102503e-06, -1.3995466149625609e-05
61.946492437312671, 0.15623074599830725, 5.4886294740697907e-06, 3.5773082543130436e-06
61.992288141459781, 0.2473105091081603, -1.0079928394684275e-05, 9.8416820910627826e-06
61.940939511118735, 0.32041641179809205, -9.5676128468168717e-06, 1.4546883207544839e-05
61.966008613543472, 0.23337135197229344, 1.6061627311011897e-05, -3.0037311048834989e-06
61.828902571224745, 1.5082902192249585, 8.9072900693733508e-05, 2.9569480008538405e-05
61.920262337293188, 0.70589742592522065, -7.5076219969247148e-06, -2.166345362759378e-05
61.896044895871292, 0.13072817225203645, -1.0680904598901802e-05, 3.291728935058388e-07
61.91697662904626, 0.29048348809202057, -1.6304520038315763e-05, -1.20012769062779e-05
61.985725215217947, 0.1504035503225758, 8.8782057857163757e-06, -6.2854168660749226e-06
61.928791938264673, 0.45706873747957261, -6.5166943402249516e-06, -2.1646488224279763e-05
61.843794126768884, 0.33926541696498114, 1.8458383112291357e-05, -6.5608999590334499e-06
61.857785055239518, 0.17117711361434731, -4.7596940939346704e-06, -5.1310048224084567e-06
61.97623915648515, 0.40604383629246432, -2.3760159059936734e-05, -1.6618898661169286e-05
62.004422523456547, 0.19349144186124423, -2.3859276882808757e-06, -6.1284418713932439e-06
61.921484754096063, 0.17987789876613258, 4.5890965579441393e-06, 1.2263796771524724e-06
61.950774091529823, 0.10452560112601537, -1.186043224990843e-05, 6.2017640292016331e-06
62.005810333485208, 0.10647506528946006, 1.1448299387531677e-06, 3.6838128989635506e-06
61.869816026006667, 0.055865636737167018, -7.6337580959513518e-07, -1.0198006620752797e-06
61.971146704314016, 0.32350755115395013, 1.6311199005062382e-05, -5.6044074213301004e-06
61.870237112978074, 0.17226314701976581, -1.4297631718684611e-05, -3.0978260169093142e-06
61.991080339196209, 0.33357659955957425, 1.7750712642646898e-05, 9.4624963679309804e-06
62.020797448176289, 0.22259161359673935, 6.8051780955685899e-06, -1.5610029185321489e-05
62.003470943409205, 0.24568622324701489, 8.2507506322466157e-06, 9.4238587601660252e-06
61.982254019059582, 0.041131582308517434, 9.7310258561171034e-06, 1.3022084826122194e-06
61.938306927746623, 0.16269266131658866, 5.3310658816596937e-06, -5.1410505879299628e-06
62.052701353042139, 0.37587073966490453, -1.4786884310018902e-05, -4.0799455854789965e-06
61.90421855117971, 0.20889202594301695, -1.7090233217640726e-05, 5.2137488933313974e-06
61.893858102626872, 0.51800939685620095, -3.1364178260299954e-05, -2.5576286989417994e-06
61.866659474780533, 0.20923055231286891, -1.3264325584070618e-05, -6.410884697526435e-06
61.863659701943895, 0.20331242895814075, -6.7000770462685226e-06, 7.462881388054831e-06
61.943024559247966, 0.26765750539396943, 9.7134862530051782e-06, -6.835190125547007e-06
61.859709935763789, 0.61566227349337788, -1.0947090755877287e-06, -2.6274623981166686e-05
61.990880715707043, 0.33269728097616569, 7.3797895077919021e-07, -3.7265861152686117e-06
61.928953758229667, 0.67966429725150423, 3.0068168942778875e-05, -2.2913905621679165e-05
61.8740595081129, 0.28753486666163713, -1.9128920907876249e-05, 4.1823633083346927e-08
61.969544306792613, 0.39852541009097847, 2.128168899021184e-06, -2.630416577669987e-05
62.011967596673664, 0.016757495429851877, 5.8068027332067553e-06, -1.7243405668215391e-06
61.935552653557593, 0.12704152291523269, -5.0854652818703937e-06, 9.8718417406754345e-06
62.033416595451683, 0.2696390713495288, 2.1999285421760656e-05, -4.0431681299463717e-06
62.004853164788372, 0.10663010308031821, 7.7498593256429614e-06, -5.1151079221441575e-06
61.879332735159721, 0.19416814397969015, 8.4852510495558447e-06, 5.9311158844488329e-06
61.953945320259194, 0.20745071760548861, -1.6596380134969301e-05, -4.4729803302448618e-06
62.001771699023962, 0.23656395382616405, 1.5271720165069174e-05, 3.965284202477745e-07
61.961774761631986, 0.11095454340212127, 6.3851889057716777e-06, -1.2316675827798311e-07
62.037366513566177, 0.14094619329509894, 1.2292795694996337e-06, 1.0820889345836949e-05
61.974679235360711, 0.22967632264480317, -3.0047715162494157e-06, 1.6390001139909274e-05
62.086465839318322, 0.12071256191984843, 5.2601338416220484e-06, 2.0382313383721077e-06
62.025088840085346, 0.056264455157539049, 4.2839806265128522e-08, 1.6522987617758723e-06
61.943587412100207, 0.25798852132975386, 9.333563895182981e-06, 5.1837602546115572e-06
61.874833677648169, 0.10667148335178706, 1.2092693314061105e-05, -4.0505221507167751e-06
62.008029733295608, 0.44044712080626086, -1.5635257772567057e-05, -2.9323220757344981e-05
61.982861654488872, 0.25833170460211652, -1.0298110032818688e-05, 2.0971569219318226e-05
61.981014683411864, 0.32072876348331736, 5.2508764919823231e-06, -3.0316938775280602e-05
61.930990913943461, 0.3171807565093146, 1.8179769975915021e-05, 1.2387241111362904e-05
61.842440507635963, 0.088538683644402622, 6.0555436162372867e-06, -1.355960169331929e-06
62.033027385456904, 0.15438042754513642, 6.2720022970929742e-06, -3.2243869450622103e-06
61.921483017834184, 0.048142309193808942, -1.2335907871583109e-05, -6.6907242494923425e-08
61.981643578624841, 0.3889513603104649, -1.9919735705700869e-05, -2.0403692300171655e-05
61.759926406096739, 0.30415168887353145, 1.5442246456525678e-05, -2.39883972986835e-05
61.919109089033483, 0.20843214042389305, 7.4542388413683309e-06, -5.8888392660573064e-07
62.012541175471355, 0.11545249933724529, -2.9246374254661036e-06, 4.3139777615261962e-06
62.007098457986068, 0.12068610665845093, 9.1857654294308171e-06, 8.2301860882768899e-07
61.921963551432668, 0.80829371132964711, 5.4232150966015219e-06, 7.4200916465248147e-05
61.948875530726951, 0.47081302848023937, -1.8459363867734687e-05, -2.2073047628363893e-05
61.913446536224697, 0.54163495817631702, -4.4528707144192457e-05, 1.4029474489416908e-05
61.9982149833751, 0.38519733560030495, -2.1482595756965952e-05, -7.5340819710178219e-06
61.913476890080013, 0.33597147662746579, -2.130106579513825e-05, 1.5419771646836943e-07
61.936213119997007, 0.26324411711560974, -1.286212492611645e-05, -3.1371906935016788e-06
61.940766917000417, 0.12938895703215231, 4.7096248553549846e-06, -9.3823021127103396e-06
62.031898817948438, 0.25299804759562583, -5.5559691991134224e-06, -9.0213383946668128e-06
61.922515534599533, 0.16091527264856079, 7.7507229087574394e-07, 7.6329792760946811e-07
61.80565606722736, 0.074216855614274296, 1.1091996395090596e-05, -2.040653982541999e-06
61.885553400089606, 0.49903369528604768, -3.3515639966252524e-05, -1.4905154577997972e-05
62.031779683671516, 0.23065822064092603, -1.2189549912564254e-05, -4.5734206135448466e-06
62.131720007960496, 0.13005178198765655, -5.2797439598718929e-06, 1.0812695774868082e-05
62.010546983418756, 0.103220042387551, 2.0101868539130883e-06, 8.2376673364240721e-06
62.008538476497108, 0.34583679211986357, -4.4075144356859625e-06, 1.9114813167878841e-05
61.801251752237263, 0.16884947055939212, -5.011194226393443e-06, -4.4226134441677505e-06
62.002638207446111, 0.22685255125122231, 1.4186932048063323e-05, -2.2428662325508493e-06
62.019465829501094, 0.075812874123433793, 1.3510537274230144e-05, 4.1595769149288494e-06
61.902400677681655, 0.12590740485977392, -7.8431050398882941e-06, 3.782443241017745e-06
61.852427793693259, 0.094762887281276312, 1.0878222929898347e-05, -4.8937439859063668e-08
61.978026849859525, 0.35608565854169449, -5.7514477548924406e-06, 1.5734511848064176e-05
61.993840970531352, 0.30623724835740235, 1.0834188053857061e-05, -1.3202179740149886e-05
61.874061005457534, 0.32557282121968911, -3.9200783967252863e-06, 1.1517919599526556e-05
61.853500915817897, 0.51751437502694764, 1.636809046428055e-05, -2.7082204704292836e-05
61.915902015334702, 0.62346445703207976, -4.7181405059806159e-05, 6.1511235657859662e-06
61.979328510214089, 0.27436949944304895, 9.2070814219752843e-07, -1.1355447111912444e-06
61.9786617274519, 0.3201421111436889, -2.4951674823093779e-05, 1.7877460943726695e-05
61.952255837265938, 0.20905947220362994, 4.7276329667409088e-06, 9.628428914489007e-06
61.907096124872304, 0.33707048000357148, 1.6833833713280117e-05, 3.730501470030789e-06
61.892933638769698, 0.38020441901932395, -1.6151496979503044e-05, 1.0759705420798997e-05
61.904320995587696, 0.82704677970720653, -7.6558184060813528e-05, 4.5543140907590325e-05
61.971168134192325, 0.13036915328445139, 7.6155471869094136e-06, 6.7042693213742915e-06
61.933483856806284, 0.39466376795237451, -2.1760706737126414e-05, -4.57683251616572e-06
61.980004332792646, 0.22712081336849382, 1.4963153786629495e-05, 2.6065645530526592e-07
61.861251824030354, 0.41508411957462005, 1.7094964569342922e-05, -1.5764783075116439e-05
62.016491847306966, 0.40198125685100911, -3.2031949336140107e-05, 9.2412816316858526e-06
61.971312092560986, 0.12594801066538325, -1.2125308266916717e-05, 2.7356994029366834e-06
61.901204749857058, 0.25653359469940379, -2.6303176751184558e-06, -9.9059959781200569e-06
61.853441772339146, 0.18006537702557446, -8.5705001399934605e-06, -8.7992026445328661e-06
62.039446273435182, 0.36475593244122628, -2.833287584609829e-05, -2.4336408590119802e-05
62.00476280618561, 0.13629227378151687, 2.8129535016368237e-06, -3.5922949423992938e-06
61.942433248511513, 0.23361272471367717, 8.8031720079620461e-06, -9.3946230370645501e-06
61.956417161955258, 0.24965879910266317, -1.2949191527614194e-05, 6.6868851803117618e-06
61.903542490515015, 0.19086938159536232, 2.0055950669760758e-05, 8.8107343989790861e-06
61.913547141780015, 0.2802361721356102, -2.0320785640134646e-06, -1.3083540665616198e-05
61.957325279060434, 0.22175650722002233, 1.2920055544102154e-06, -1.0280289523900173e-05
61.960800131424847, 0.43104844980996893, 2.5146561390808927e-05, -1.8244603600067074e-05
61.813525331470316, 0.18414580211488041, -3.1829003855459285e-06, 2.2088984929289298e-06
62.054493389908707, 0.30245091161661131, -2.3203742196459147e-06, -1.6480110028093524e-05
61.921985574578969, 0.31105102171167104, 1.2974583852071981e-05, 1.6184076925699171e-05
62.004521107206877, 0.33637916652652589, -1.2409519505985066e-05, 6.4998039076931024e-06
61.977343791778829, 0.17117834665087181, 1.6968932700044824e-07, -3.8346112781842891e-06
61.974296248723938, 0.41713179568609032, -1.2065191761856481e-06, 1.5789667675668873e-05
62.008123485287776, 0.2442937533788597, -1.207491395638513e-05, -9.1405699197300095e-06
61.933604530412943, 0.32501380201612573, -1.3869849486234e-05, 7.3993959234667376e-06
62.054753264577734, 0.27041111777553006, 7.0157287098817091e-06, -5.9451810947161592e-06
62.00185602844229, 0.20539914011781238, -1.2513723985924263e-05, 5.8363103001046257e-07
61.947054893317777, 0.55812147285382352, 1.3118807992966381e-06, 3.160524098154946e-05
61.902624867627182, 0.27871561435562825, 9.3065764101907609e-06, -1.0010329400486973e-05
61.871020283689738, 0.25542081708194581, -1.9754638471993812e-05, -2.0583076472594268e-05
61.981650862599636, 0.33989393706647253, -7.3783753919566828e-06, 1.9243517312644079e-05
61.898650294286746, 0.23874402681962695, 8.7666223913277718e-06, 6.3892976963238038e-06
61.984620416050106, 0.4973425209162568, 3.0796626285761141e-05, -3.361862612646693e-06
62.003887158772358, 0.097587429536828182, 6.7939450364914949e-06, 1.0541006955251407e-05
61.966637129572753, 0.1692772327377049, -1.0977650446649645e-05, -6.0444971948727888e-06
62.028931766961165, 0.29229811203525463, 4.6914000733498291e-06, -1.2742197579903928e-05
62.007846939450168, 0.27830496263516913, 1.3801215904520572e-05, -7.7974101099914752e-06
61.888179303527231, 0.18052000427604878, 1.1921404641037528e-05, -6.795911483569455e-07
61.904617546203099, 0.091917646800094344, 2.0856580916252417e-05, 8.6506830492760369e-06
62.031813989893791, 0.094113819787253805, 2.7065107226900612e-06, 1.6467006463190647e-06
62.022864186640788, 0.15654486216207208, 3.9460412250113612e-06, -2.7222130335006216e-06
61.931566427218556, 0.037924795073725252, 1.9968758757999796e-06, 1.3010147271504717e-05
61.9654447724267, 0.23498536425811195, 1.3843322160280194e-05, 1.4575080341605595e-05
61.997114080565154, 0.48272994185254381, -1.6240043667488425e-05, -2.776014411377175e-05
61.967666283727233, 0.1291567744110973, 2.5079331258876655e-07, -9.2226325517308154e-06
61.852649198245494, 0.33547265989725705, -7.4054087007869699e-06, 1.2322193409914838e-05
61.882245257683834, 0.20201880782379325, 1.1133840989747195e-05, -9.040127664222494e-06
61.920922805592994, 0.10909491814237153, -1.5035827382706987e-05, 8.1623467121057927e-07
61.966620081019443, 0.18304254060450684, -4.8615086263070195e-06, -1.6713823863660653e-05
61.94684367129863, 0.059110932442247674, 5.7656113527448901e-06, 6.6664232337026334e-06
61.882550844776809, 0.30270810796885605, -1.783435963203396e-05, -4.2408691138190914e-06
61.985172515480023, 0.1772788136120674, 2.060708065672448e-06, 2.9490918262400818e-06
61.994914163462347, 0.063120258965806142, 3.3582278933135955e-06, -1.0484921185167732e-05
61.872936436585483, 0.074219257722302118, -9.5634921713913102e-06, 6.4222483260917145e-06
61.967388730435921, 0.266425782629093, -4.4435461699192467e-06, -9.2449688906418926e-06
62.00197613595013, 0.098948111131606606, -1.5365208609012131e-06, -2.7012890338991545e-06
61.986172752903165, 0.23004140800120965, -1.3358111664645273e-05, 3.5899069727274582e-06
61.838768125000271, 0.40123089979017912, 1.4499721132670078e-05, 1.0697480497659e-05
62.008981977952544, 0.40752268749159043, 2.0764959637917585e-05, 1.2558319035847903e-05
61.854660213606543, 0.56470315718187003, -2.5173334570325862e-05, -4.0734644879686828e-05
62.032113139031054, 0.23215598515503943, -3.8140412269254954e-06, -1.6009993014738998e-06
62.017211143482818, 0.23070842772567235, -6.4613344028076751e-06, 1.1375922585101941e-05
61.870765212711468, 0.015748789981493379, 1.1412702881776918e-06, 1.3629859938160663e-06
61.936727768990465, 0.27571349339166429, 6.4694576476987055e-06, -5.6645675145410402e-07
61.902308294790018, 1.1619135816391433, -6.1640945072402893e-06, -2.969527330359609e-05
61.90657252298913, 0.4432930486075749, 8.0054319796862446e-06, -1.6427732184273952e-05
61.887844451487517, 0.4093924866506235, 1.7265262471768822e-05, 1.548787093811241e-05
62.016665263631246, 0.35404212633786364, 5.6005321395170473e-06, 1.5736889309580539e-05
61.873373732748441, 0.65945265898836258, -1.3623957352980912e-05, 5.4089424189718885e-06
61.852560488422014, 0.23433099515720723, -5.9844070924341867e-07, -1.629222087641936e-05
61.887845947499862, 0.060721435582692197, -9.7980555484255633e-06, -1.7076976127331358e-06
61.956477516457603, 0.45516483071997754, 3.4133901124699711e-06, 8.82896299854433e-06
61.906402768104002, 0.36736597898702278, -1.7114180458710752e-05, 1.631747332690556e-06
61.9578024559342, 0.17379119334757462, 1.0076816499952766e-05, 1.5601232185434733e-06
61.929891967015486, 0.17444751513178922, 6.9014516711724115e-06, -1.1468635140750909e-05
62.039797442824458, 0.86383384898651316, -4.6342423616065536e-05, 2.5032724239151354e-05
61.932315790921834, 0.14420396900899266, -5.2948026502114319e-06, 9.8863737444362003e-06
61.959822870058403, 0.3291461256573146, 2.5801383030082277e-05, 9.6114808726339824e-06
62.01463492296039, 0.21603228485499887, -6.8628687205924377e-06, -1.4666819294696735e-05
61.99136003684692, 0.21673459498812331, 1.4312680437679281e-05, 8.3069596442397984e-06
61.946254878791905, 0.14399249978117987, 9.9747103308931788e-06, -1.1015682512211657e-06
61.935848790766364, 0.13152361154028927, 4.3244408399433294e-07, -1.016371585074829e-05
61.855774941385398, 0.18717277848207767, -2.953860747043002e-06, -4.7241139570308031e-06
61.907807176062761, 0.51282016994224855, 2.8395335244192234e-05, -1.4296478283575427e-05
61.950201142007948, 0.15263210830932566, 4.1830919183194995e-06, -2.0066545712866183e-05
61.953387611260617, 0.33395706313950985, -6.7262551456070707e-06, -9.9612571103399002e-06
62.066897110361346, 0.32620657817706955, -1.5100260926830926e-05, 8.4568655502363172e-06
61.857519699133903, 0.15253009675814383, 5.9617120450522293e-06, -3.621414688608162e-07
61.936324241924019, 0.4350934942634101, 7.5431849125980158e-06, 1.3011640119051005e-05
61.858921391667849, 0.27389854904332323, 5.2398872875868242e-06, 1.4127454278246431e-05
61.918437835389959, 0.10036538768537395, 2.7448012858604214e-06, -1.0873743372273408e-06
61.891504414883215, 0.11635392472125855, 7.1874561101583152e-06, -1.2004217105717236e-05
61.9993695189441, 0.22185448006606492, -6.8913947443424954e-06, 8.6718411453236684e-06
61.990451375700935, 0.021710357024927542, 4.2642330226058135e-06, -3.5420143572974517e-06
61.926625833409354, 0.34524025370027517, 1.0317938658026838e-05, 2.7229320916136092e-05
61.914051210947399, 0.11481659960649496, 5.5705855700143306e-06, 2.3562961928942385e-06
61.88945115157432, 0.25735142131166672, -8.0010282923168435e-06, 2.5509404831757827e-05
61.917961847557059, 0.33825859506705597, -4.5158083878094917e-06, -4.8056673779751299e-06
61.978648133349935, 0.39620669385483115, -2.2341026540091151e-05, 9.3481207062738905e-06
61.937833683687558, 0.40895874714679492, 1.7544161546665774e-05, 1.45861748994007e-05
61.971255185158711, 0.28403978357823906, 1.1402141771101994e-05, 3.2501727078204222e-06
62.001655246184413, 0.45246807203611517, -2.9994904040744244e-05, -5.9446596167785512e-07
61.928988432126282, 0.13453590027559373, 7.4166260430552291e-06, 6.7473669774748286e-07
62.017548286702684, 0.12850596121511468, -1.0472297058686149e-05, -1.2946821430014226e-05
62.055203102530882, 0.63311456394473931, 2.0358230050085929e-05, -3.8773121642848764e-06
61.933905416294209, 0.21981617371219406, 2.1669385209350044e-06, -1.5445697304596391e-05
61.960511276838545, 0.60365810115405327, -1.705922812809552e-05, -3.4014352633061277e-05
61.93057510975904, 0.30598046941437473, -1.5576828342076363e-05, -4.0703184633229105e-06
61.969979851240673, 0.26273987029598384, -1.3145449242558601e-05, 8.6696386321835871e-06
61.892159483946585, 0.30565404959532089, 5.9961925566832735e-06, -9.8773232759750291e-06
61.933571930024307, 0.38897880873271062, 7.4354273132111936e-06, 2.1845265127943449e-05
61.93586032975881, 0.44444896999031136, 3.1001973715352804e-05, 4.0463589913749975e-06
61.994523142509948, 0.40698927595060963, 8.79769494039955e-06, 2.1680341115025773e-06
61.942435040333891, 0.12470003075711317, 6.220170536439168e-06, 4.0649653844551496e-06
62.001211179194222, 0.036526301030505727, 8.1041107325203133e-06, 1.6992314795637042e-06
62.024660665017038, 0.1394957608844779, 3.6807527747134639e-06, -1.2084059974291256e-05
61.990797421679183, 0.73931689399231182, 1.3608533769877157e-05, 3.4434113452456566e-05
61.976226024171119, 0.37911185972151035, -1.4333590745166727e-05, -8.805023870337684e-06
61.901870535062727, 0.048342022173111079, -2.1298901357156874e-06, -4.2541110354773395e-06
61.88756982906645, 0.1869564057517128, 2.9242653331263854e-06, 1.1373753964395872e-05
61.844763575706423, 0.34153791077196177, 1.9606101198760131e-05, 5.2463085497751957e-06
61.846306949855538, 0.40290557083476364, 1.4991510533713075e-07, 1.5929159296269836e-05
62.018262439912753, 0.46007518415484061, -2.0244788221808591e-05, -2.8640645816234465e-05
61.953707895792654, 0.24194214319386478, -1.9163087487313102e-05, -7.4033413916623693e-08
61.955111079781453, 0.31877710037658663, -1.1498999769390585e-05, -1.3500870323342345e-06
61.884313712697335, 0.30623002012589023, 9.383782203893672e-06, 2.8945656205336477e-06
62.038507121293911, 0.35120127410986829, -1.1199509921020941e-05, 1.329989768753275e-05
61.980575690150452, 0.31369597030809687, 1.9945415785652083e-05, 5.2836667122245259e-06
61.937711253113406, 0.10859759894209357, -4.2130914535554221e-06, -8.6907107788911934e-06
61.937744203979939, 0.1992350646458293, 7.3490174233884199e-07, -8.1544366263307015e-07
61.830780866406428, 1.2117081831209389, -8.0967137373717327e-05, 1.0711817277760658e-05
61.873557713181988, 0.23661926568882138, -4.6564836499890995e-06, -5.5169681274179218e-06
61.928602054292867, 0.09287291318129022, -9.1313728904460425e-06, -7.1426844574955679e-07
61.979645384243852, 0.31966105152109892, 1.1158550500649776e-05, 3.9212145108414257e-06
62.137922712501343, 0.22366235895060937, 1.2843152118893066e-05, 4.239499347851729e-06
61.987094887342025, 0.62301210094709802, 5.2475001303787529e-06, -1.7909374228275522e-05
62.08834298108853, 0.11945086769660111, 3.2005515776347469e-06, 4.1252331122331312e-06
61.905736852785942, 0.41072050862792203, -1.4678698233894122e-05, 1.9884522472400923e-05
61.942401136877848, 0.15386597437698823, -1.3253901783234361e-06, 1.0658780815968055e-05
61.949380836895394, 0.31052841237284523, -1.3264836886350501e-05, 7.0924487297472492e-06
62.065201777615336, 0.20604426793544078, -1.164235549725155e-05, 2.1570503607927981e-07
61.883271033428237, 0.30916996145257708, 1.1230217000679738e-05, 1.040594040795383e-06
61.878205436023059, 0.13656973516368859, 4.8518357089778464e-06, 9.3323253211928826e-07
61.96175851745943, 0.61599166460478338, 2.4246871450668346e-05, -2.5060055588444228e-05
61.994359285395404, 0.18922864014761698, -1.3616083696407641e-05, 7.0784834323260155e-06
61.86870361611075, 0.30241363223345447, -7.1365145256829053e-06, -8.3694026153365581e-06
61.927323481503123, 0.23202754388735058, -3.343180675310039e-06, 7.3023151495119079e-06
61.942184113363652, 0.10303817409749419, -2.8969759617836638e-06, 5.0818195911609242e-06
