56.14468965234235,-2.0725597894722703,0.31837666173938511
56.554599420416586,1.7286652843788091,0.60274713267989577
56.34748145588167,-0.61046652313363348,-2.0668291905736922
57.175227755208148,-0.55643659161032788,-2.0095877362345047
56.600752045871609,-1.6560099991678077,-0.42196892903872546
55.899481731366265,1.9197910416754056,-0.66403925763114569
57.326554318229697,1.5625987062328872,-1.28399219847669
56.491914952228633,-0.51846475061006525,-1.4311369223028745
56.200307502020799,1.0129044772443314,-1.8176095304859863
56.390401521527416,-1.5614636025783544,1.3084847845362486
55.890441532256752,2.0107288601627999,0.32570051919366505
56.988173614110615,-2.1329279758722572,-0.2911218667164619
57.165076022681468,-1.6864879915314956,0.18515578689976334
55.675676810526859,1.2039780680464864,-0.99688367690751367
57.379404101735624,-0.75780608384456771,-1.7420670543420984
55.706868888018867,-1.9975895755643256,-0.15478494427937203
57.363073898347849,-1.386851254335316,2.2742468004687972
56.201199274386177,0.36904829464656846,1.8959499111792155
57.267452496134709,0.75812829599352793,1.4787176049560946
56.990243657769575,-1.3337680433598686,-1.3083939030684542
56.145956899472296,0.12549492911049268,1.564121619531853
56.154056076759474,1.5778242677791572,-0.70589280838876212
56.346828792793758,-2.033730595160856,0.76494732374391528
56.748989000712584,-1.8586138291266903,-0.95298448001132563
56.975680132560392,1.230484808813425,-1.2965873960665568
57.504756516374428,1.4256413317021008,-0.96138457646893172
55.974739012029744,-0.80844592267226534,2.0242185871471268
56.159609343551537,-2.1802819670844982,-0.31628060254212775
55.743699910400998,0.68251608368674332,1.8508988219211129
57.028984560181563,-2.4590113020866546,0.25954184712124895
57.285488783506146,-0.60213695426759506,-1.6510985258271287
57.110486339174528,-1.4406091757025323,1.6105810248512735
57.443522829429291,-1.5329957239221004,-0.52959517087105346
56.702848073507099,-0.28387572655762627,-1.4719059442495608
57.331351958746509,1.2730133852834824,1.0188063449193823
56.919890437507249,-1.8964910220819566,-0.51136609635203489
56.114800878654464,-2.1889996622923906,0.39017032018260434
55.616501359461367,-0.60859031609754499,-1.4673966540928458
56.271887198242254,1.7382736332103075,0.13218604363770123
56.80526794725251,1.4586804686090371,0.95869805614938264
57.472958828239037,-1.8044915196078664,-1.1767240979894882
55.969396196803963,1.2515901703347214,1.4532239213056124
56.823734957661863,1.7701807591781917,0.90503826908738816
55.670998941320086,-0.73275330210841616,1.6732058038002915
56.999270750284587,0.86450880102208627,1.6470729681658764
56.395689024905458,-1.813209524357299,0.26332021132734973
57.281286659417241,-0.67265204780331833,1.781255195495717
56.974562770704296,-1.5605478714836543,1.9383341640195022
55.730384539238592,-0.78460282253526914,1.8128084985122352
56.882682494202243,-1.9291100179691505,0.07395322445365915
56.715074616408643,1.0577728562559425,1.963251936259139
56.609914928257702,-1.7742317906317477,0.1734783713183817
55.902542645692328,0.38814793229194988,-1.7546335303882823
55.872808120519494,-2.1183793316804445,0.55490949321838845
55.739639532839284,-0.91176805836610342,0.77799724074945364
57.008744855600369,0.92231187689440974,1.4866291722138645
55.823742764061386,-1.8199168805124477,-1.0349613110142908
56.691888054675871,0.94691111154914143,-1.6711966406934036
57.330386460556483,0.047487118016436958,-1.6817648674919718
57.123019439022769,-1.0654584025808163,-1.7013345970152256
55.535432526752771,-0.15824159826993789,-1.9615766204084291
56.541513752989822,1.3331833326724198,0.98652026021026407
57.306143248659268,0.49564980006989501,-1.6850588491019074
56.792046871197996,-1.529881262282824,0.41649732024972658
56.560706931876666,-0.12307028436266322,1.8155657049860436
56.78645518976591,-0.0067897235197568288,1.8121860704758026
56.87228233033175,-0.2715811446856381,-1.7276584995590112
55.84450387495982,0.99178021624363077,-0.98542024465485534
56.453421507561124,1.8406703345632318,0.43521669545427644
56.441974819503891,-1.3094740454393172,-1.131832050216703
56.342723507579457,-0.86743682274395451,1.9290572233494823
56.753085182561897,1.5147225232924979,0.80134575041543599
55.745795756630507,1.9808732620908409,-0.35005688039259952
56.797591842036532,0.98029399504254933,1.7747520409396613
56.074525635177082,-0.15431500033968998,1.785696369642602
56.739613001489147,-2.0621312320516125,-0.86777351417535065
56.143497967076911,-0.17999673052950801,1.2873479532892693
56.797473723838586,1.925583897516614,1.0744978081066241
56.528072169678339,1.7393264357699991,1.0586442746060503
55.974101335248065,1.8801674131511352,0.80972944295012883
57.488232568612766,-0.61900584532023772,2.1365573915622988
57.567196406448353,-1.2869985053341675,-0.88598546423903712
56.227224505801459,1.2492513313930069,-1.1187144962134077
56.233236141096164,-1.6438739073340085,-1.3454204553821887
55.936212301746814,0.96940702222722075,2.103315876969662
56.846871011458475,1.4793839369797042,-1.5194300594192627
56.291543369838848,-1.7309953183952382,0.76940035001688134
55.634709715214832,-1.5597718028761531,-0.91671592695288773
56.712885161389913,-1.7342696956370094,1.2638257059395404
55.865684859130212,1.3981209979016787,1.4092921331241819
57.516419587142209,1.1240597047201741,-1.4584381959543522
56.237616033128184,-1.3499000662634875,-1.1477045750953341
56.359314772682318,-1.5622413876348455,-3.4913162671282318
57.213880066948313,-1.8684543592869007,-0.090499951509051033
57.150484665382884,-1.3698721378765149,0.76788458299289686
56.078864202731388,0.61987253077611926,1.6450974798517581
57.069404825675136,1.4830286197476821,-0.83530550850158036
56.104164510106983,0.18323652501676871,1.1853061917486531
56.099804014588948,-1.6092219861238757,-1.1751680776003921
56.839837563623917,-0.43902624640548776,1.4187189709613242
57.511475624275342,0.8513232282544233,-0.91244001665566077
57.357185558675063,0.65863903173328031,-1.3384021794859409
56.334147360991807,-1.675450284247312,0.98791481911163304
57.281978060805258,1.4255112676234416,0.90080994907465162
57.17463800665373,-1.7651487381622009,-0.095355906352151965
56.995913226531378,1.2201009222744377,1.6824276139602412
56.416479153376805,-0.59680794551025507,-1.4520153657727968
57.237528996339833,-1.9308552365504814,-0.94858373797650231
56.47687418972756,-0.36440571425353729,-2.1152223713530098
55.722899590274089,1.6622874219429866,0.64442536781965243
56.619022169595638,1.2868915223735184,1.2952553346920157
56.108418157349575,-0.42159955203156368,-1.1207449058375989
57.285306760429251,-1.2698283258513927,-1.5241556897255604
56.160554950093079,-1.1576273964853661,0.97609875147510428
56.380600613251382,2.3527655132658851,-0.60240170353983591
56.916172185473698,-0.83550879771025865,-1.653393863753472
55.499710429737853,2.0551097455701894,0.57001059948065325
57.455271365329608,1.1530668708561045,0.18543257153969056
57.114354349451283,-1.4456279250987858,1.4393825689266657
57.376905495280099,-1.069123208734182,-1.4636409099699006
56.122428353300769,-2.1142685129892809,0.74158056622730628
56.367937283512269,1.14836222948304,1.9286734842740798
57.093445282952295,1.4668567145698825,-0.63412128756831954
57.1614116586139,-1.6877527365985259,-0.43332089973473431
56.258734965933733,-1.9142494278765545,0.5112670819002515
57.556122792826706,1.9349006090246057,-0.79336083273376057
56.69422085205953,0.48813283636078053,-1.688174688648574
56.477599899390526,-1.6120018305389563,-1.809327227321017
57.051060663920794,-0.58042556905111908,1.7530440287227194
56.459715726577059,0.12536424210596636,2.2706544142209233
55.824463048634584,1.9560111251304884,-0.62491273851974294
56.133381103236417,0.77625156111282534,-1.6559871273814479
56.141991254740098,-0.17792691510090669,2.1596689994698246
57.456352114748135,-1.8991194284421882,-0.70179661753933098
55.958688396442817,2.1086572785587845,-0.039141522392546237
57.055031897946904,-0.85562733314238471,-1.7963955177896791
57.43287597504569,-1.9210046506706282,0.78651204005925779
56.223042903153278,1.3146852505952695,-0.97737780286127862
56.111825119880791,1.9524749980554967,-0.55514696968810529
55.898075761634402,-1.5668115223227674,0.32671147127789335
56.959376452268103,1.0152187798671319,-1.3114243817282054
56.298562677952624,2.2637769283186366,0.52018005521757116
56.350374843626398,-2.3039200857594651,-0.020026842164471034
57.02564456097064,-1.7533781120065381,1.0996279271876059
56.958692690618513,1.9904461940504208,0.88431167092578322
55.567893801708095,-1.6435007327444677,-0.92861442753765466
56.234248556280065,-0.5796421779842279,-1.7271064084119103
57.450332031638602,0.72118915681706042,-1.7825809477841335
56.26569782432864,1.5446273563132742,-1.2124789055884391
56.034822994123125,1.4091471115678706,1.4604368720060348
55.874906882930688,1.0686512017728695,1.8948608800877873
56.021189090830759,-0.099544043972170107,-1.7658374003531223
56.977530334400988,1.0697927783465244,1.6162838005239331
57.402616250396079,0.31241732670268735,1.6027852282093056
57.368891450631885,1.5227712239191697,1.4268835475442467
56.551052398469245,-0.72728202001712028,1.7254977180704327
55.996384362880839,1.6490145841064461,0.22424716379239173
56.255442623265594,-0.96700605464677836,1.8805840222453094
56.21095307036255,1.8146955615515292,-0.033711049116070174
56.720223480829453,-0.49137024646091848,-2.0580097195384273
55.802113536925255,-1.9903150195094972,1.269115672088452
56.815459609365114,1.3731675856073657,1.2836289460277279
57.405172077123943,-1.8034635665981646,0.6310451854847815
56.371446198207167,-1.7296173471069203,0.35337848528346272
57.355579996509157,1.3475371621044259,1.3938344277349124
55.952372938841265,1.5167111446610897,0.47174705289570618
57.369365321940059,0.90302006075336794,-1.5894934270579395
57.210136275942439,1.6715622520022853,-0.38016436570833867
57.53587533963811,-1.0531565311447662,2.1441125211750944
57.134792300090304,1.5056623932143118,1.4484054942095477
57.205032757590331,-0.78382758894320248,1.371869923916273
57.477214054597894,0.70078368670282842,1.6808884769471393
57.256594988763588,-0.96161012547312563,-1.517464764614626
56.37768129296407,1.8839906195553919,0.62189426101213574
56.401153033174936,0.42870849165993696,2.2016791482672002
57.067612783902952,0.82332810861440719,-1.7571010446846758
55.98218778892474,-1.2373965628555776,1.9290959616473915
56.128525657256169,1.2975829494900375,-1.304637509824935
57.255548088875543,0.73416470127138744,-1.423758926554141
56.448064126389959,0.93909838612951579,-0.73763935285378179
56.173651338567339,1.4987512482097485,0.60905506281895072
55.632453025080203,-1.3451478103545147,1.1338939559196195
57.239376889544729,1.9761653012443297,-0.59919937827831649
56.354929305643758,0.20559803077119373,1.9806885639204532
57.244712649268635,-0.60449908007185815,-1.8032271862798248
56.77765656963733,-0.21256282175373248,-1.9431391132234646
56.94537238592887,-1.785754772087409,-0.78785312753538328
56.535147679598374,1.6907218632713636,1.3822195835060733
55.900953554036555,1.4836210458722758,0.79487013848789156
56.895086787590657,-0.58418147186398994,1.9189618740816616
56.704829290507234,1.1532291548165319,1.570716080915757
57.21366816162498,-0.45826740387720527,-1.7385089552060253
57.434308394740434,1.1859756776866606,-1.3356518486946864
56.056746901636252,-1.2722254005027329,0.48180073488296421
56.811478780711084,1.5084036889445411,0.78495385347220292
55.548707480909613,0.97921667410208546,-1.7706037998426392
55.663470835240901,-1.8306934042648511,-1.2880495734860145
56.883548378406424,-0.21445129120048473,2.0347495052533269
56.450102453065938,-1.7515635490796004,0.32538179193410971
56.253477496693193,0.46978447424612507,-1.8938099837928544
55.669523582547107,0.53235670692894477,-1.8063927938696556
57.545467624706106,-0.36946163415323785,2.3690469358023964
55.964334065836972,-1.8341996959047482,0.83249571253805765
57.297013912499388,-1.6134703201540193,-0.048441837005290388
57.131945098665369,-1.8535103590989532,-0.71351828262443528
57.293911596319148,-0.97085140289304905,-1.9816630136990412
57.305252946757292,1.9632755206750296,0.14399485778846247
56.838612535813311,2.116914353800988,-1.0278077861695778
56.615381414467826,0.97401824093575584,-1.8030655086165317
55.798560232798593,2.0815077964436135,0.34577009799588737
56.388726833659284,-0.9372815055511432,0.86628666156486689
56.266917885670964,0.46821429590791003,-1.7850168242306785
56.004065469960523,-0.321531216900238,-1.807476949549659
56.857827862676572,1.7849740579433233,0.75986161116854578
57.091838425622313,1.3301345136003371,0.5349502605815929
57.18044474288434,1.6111109177845855,-1.0057946067125416
56.490305198698934,-0.68756993058352356,1.7257235734899568
56.25036398225317,-0.18616038805499224,1.6021954346518992
56.303333712732268,-1.0452261526903543,2.1902850465497443
57.004954405207172,-0.12597077088326258,2.1510717801804429
55.538121112689851,-1.8370266564338813,0.92371513962377594
56.67822844459387,-0.88932666176429498,1.3663236629636066
56.55457258243775,-2.1952637195947986,-1.2747113549631903
56.273214502688603,1.9317673447402521,0.17333195261162873
56.435574240234097,-1.1145574708757084,-1.1643942936534626
56.218836029491726,-0.88833222282401436,0.73894468429227611
56.15612367852377,1.4151414595773424,1.1867009895771787
56.81007658461526,-0.46875440535326801,-1.8311085481273512
55.631847002228213,0.96326204161636086,-1.6957940304379819
57.533578639329285,0.96660769511520706,-1.778644676685629
56.722411728208805,-0.99079952900088741,-1.2831212761264097
55.817677453746839,-1.5624493702440276,0.58602811932347298
56.208997195525214,0.35305224322847828,1.7237660340269951
56.365075038691899,-0.2413504730913533,-1.8366381086326966
57.133772275561448,-2.1069498268819382,-0.6338129700759777
56.316738256800392,1.6902300172237652,-1.2737364263697841
56.142760388714642,1.5252727668977619,1.2887841783895346
57.461411455311477,1.8452207122202688,-0.38990602138713293
56.121859962148548,-0.88647839358995972,-1.8002157698804033
57.238803538032272,0.99235853424777221,-1.5128286938363125
56.044044758794314,1.7537931786264431,-0.53022181811892088
57.370325955612472,0.42547168794943024,-1.9379515695313647
57.012770102559465,1.3781851045800124,1.8275018454891776
55.642751565820866,-1.0699729400864484,2.1061172254775005
56.396935415427826,1.9362150447096371,-0.43313580926257533
57.460037891910538,-1.5793650695742831,-0.64653606729795332
57.016153472234393,0.53424019610184337,1.720066825336668
57.145860665859054,-0.22251327742894236,-1.896746654759631
57.582158592738594,1.2337226662540062,1.1388995995941622
57.362739499490793,1.6471737094259826,-0.8440699050043543
56.247276016195094,1.5667633428179106,-1.365234705937318
55.943270597510484,1.7877668181889739,0.91523548620876483
57.589728261842396,1.8370450033580648,0.49491701739733795
55.829231389004853,-2.1843096656694847,-0.74122013179687951
56.973242127297688,-2.1241200579348827,0.86724351892279761
55.627992466942509,-1.6998923875224059,1.1331228279422971
56.424538966397357,-1.0126500141205343,-1.3909017799589722
57.207522537009879,-1.0413289242578372,-1.3059847927721873
57.190411535335357,-1.7691127388252479,-0.65325866111994901
56.743938559776645,0.75643905130289346,1.7453881548891415
56.121051992845899,-1.3088982244301339,1.2284491996590516
56.473458399131474,1.8898247248551805,0.98416588618137024
56.826428723238052,1.6579797691169558,0.2541010296214708
56.935919620445588,-2.1483801737957693,0.25046568958366028
57.405716198829325,1.7659139541130533,-0.46541980010153527
56.017843457233752,-1.5684376764204944,0.14533657525405463
56.319504217045164,1.4246297320168375,-1.3020900319475825
56.179946654551884,-1.0415052472354067,-1.7086595352077296
57.278523637371542,1.984819426298654,0.75312822936332313
55.974033932488148,-2.1988057823458611,0.8659303015268992
55.464333021177666,-3.5508856633248254,2.6946990672444193
57.094930173181069,0.68351576449163487,1.841052244914043
57.250452999098584,0.97703902926916264,1.5901556799551402
56.205090004647701,0.74901932403482285,-1.9374643518404207
55.816993251614534,0.43972025409946591,-1.9895569210554693
56.644909392879583,1.6862936799942598,0.25258176884262507
57.080493903600839,-1.9570663843953586,0.69278278611066668
55.714443714167224,1.5678904568681491,1.2396967847109017
56.848241407153296,0.23651746729882808,-1.5173344314849431
55.613996725156056,-0.60387793021850877,1.437540633715459
56.931787651022901,-0.82499981918282872,-1.2796330514475327
56.885435883744357,-0.034945998154967031,1.8483289989627298
56.163075880176905,0.62193299404459923,1.4983320044018087
57.326157811243192,0.86779465906562581,1.6143102313661835
56.132906964715701,0.92877039869447553,1.6823871898608012
57.400737154695946,-0.32718443101012268,1.7599232982386575
55.714129903426517,1.7817688801158711,-0.9393425409103473
56.524593504507756,0.61560009126266424,-1.6023482241558846
57.502203277809997,-1.4384422783667796,-1.3273588501650668
55.54381117051723,-1.5640942173350918,2.0458920446598352
56.461512949672375,-1.7350815439881977,0.055354956349641597
56.719015515424331,1.3835571993163827,-1.0831673247711906
56.308584040205041,-1.3180082017767241,-1.1173377477895345
56.124085677927702,-1.7937909903301914,-0.45828726377256468
56.317950531059452,-0.80110282448360404,1.9704416055112437
56.498621142051746,0.52849996155480239,1.9984014958728959
56.720654834123899,-1.7896752665182873,0.33218394610998525
56.087238400701672,-0.82897557309394188,1.4604471099939407
56.94985910687749,-0.14772529557605005,-1.8693721037490512
57.362618578727826,-1.1624152978997155,-0.89684032776848377
56.831318976655041,1.0728662597742442,1.643323625628845
57.013965427625116,0.1726138283043584,-1.9843987012270767
55.998344540210319,-0.077476950778430753,-1.8735316313307644
56.428031374003488,0.78655860578337777,-1.7760301591167627
56.811595642309364,1.6929180433438111,0.21299235069231631
57.518396481924988,1.0231674136339117,-1.4785357971695552
56.278870806372296,-0.91210302555044742,-1.9538755650175232
57.240966757308364,-0.89523788467114185,-1.577203089024372
57.160456412522642,0.43222915170356713,-1.9315627344496158
57.278861738486391,-0.50113481509312108,1.7551110055626624
56.547913025533759,-0.93187421880585153,-1.4804444733199933
57.568713808344526,-1.208251203225942,1.1916103327439205
56.520562498894087,-0.60627660731435229,1.9379650725786253
56.061361121977249,-0.69734851123144892,2.263466242201456
56.951041708357494,1.8080546080549478,0.12071351738384993
56.663220203619517,-1.7257800761330311,0.12882602358285108
56.563001346065242,-1.9389765730499611,1.0671514155636015
56.704531568556142,-1.1853592653423592,1.41319102210379
57.251990493526854,1.3499049086927513,1.7370685586827597
56.805036977115741,-1.7047785396218058,-0.12553511601998177
56.229381979738406,-0.92954434031530941,-1.1574969874885173
56.093356220131419,1.0801491675111046,0.57868084874928827
57.353516163452909,-1.5043041564823567,-0.36298443296233446
56.400006460330658,1.2836887622213922,0.94292913768261877
56.793470198191947,-0.87794951413391165,-1.6445204907821194
56.675159040932392,-2.1267107480501313,-0.91302164678840592
56.982059280950097,-1.5375143882049149,0.67718342838758483
55.822536104233706,-2.593396148715684,0.7713296316289775
56.390269879830839,-0.84540487943772169,1.6822376932243654
56.36154015614872,1.9950478554955657,0.49569425352266755
56.285205423450392,2.211477548138205,-0.60458626214566369
55.841708049923483,-1.9898405195173297,0.45306392776085819
56.664879006628063,2.1844574193899318,1.2144348264627574
57.024522415096349,-1.5474713643146527,1.3044216620494173
57.016515073782735,-0.19068365148960983,2.4183331063108469
55.953536801349237,-1.7889795546894953,-0.23597049269994072
56.844234619873703,0.71684618349938312,-1.2855290877419796
56.837650117531268,1.6636868840120826,-1.2406325330225645
56.136558504066919,0.38120554491327474,-1.6960766375676544
57.332527533788308,0.0054900976993712486,1.8109310625659716
56.847257197051803,-1.4547628750149448,-0.79715017492829321
55.982016072710749,2.0286373693895263,-0.73068050007429142
56.458117020363161,-0.89900198518045871,2.1954488129893832
56.50517387324669,0.041171244122794444,1.700012249898927
56.172732623582966,-0.46999639978401025,-1.7337023271720924
56.159203232545636,-1.230162187771729,-1.6200010686957833
56.721087710896406,0.21671817908356725,-1.7777491353812458
55.629739068698356,-0.41192492402069675,-1.9321419533062589
55.40077608835297,-0.42638456127492275,-1.8388247195055107
56.445702056773214,-1.3463310760356517,-1.5782677225063131
57.269023917469298,0.97300832214114152,-0.46866199604213998
56.71947865681814,1.6302334713379749,-0.7492291461105024
56.5090745922626,1.6488365662660158,1.2369581165282726
56.619536709727882,-1.884685277060786,-0.13643608575473959
55.804230845162451,-1.8597471299634265,0.16839728101197191
55.724512224002289,-1.7996777456739015,0.68430324980457247
56.680444013910112,1.3907283917217559,1.0827531765800891
56.085866482674547,-1.6025138118047366,-0.71053508394487441
57.383342469319594,-0.38739130834723839,-1.5643435075360301
56.934555811444184,1.7820678655569662,-1.5129270438603317
56.727020941552354,-1.219902199922402,1.4272803525782973
57.453059984427213,1.4888590407118483,1.4528830524311387
56.911133635156546,-0.020912957469067666,3.2231326231317241
56.267208693069904,-0.48807694844684207,-1.9879025703238613
55.592539671999077,-1.9940425337356735,-0.63782100291229293
55.817946949342712,1.117674749128208,-1.9752503886105504
57.415045286077309,-1.9755340724975383,-0.65086722103104644
56.56288901945436,0.31165567094028801,-1.4675939205291633
57.104203174416185,1.3480035392044574,1.5837372969114973
56.164274268831768,-1.5392934325517991,-0.16296989604765255
56.118371077515782,1.2346462099833682,1.2291350600982527
56.868920534068856,1.8776330383888524,0.53524228273684415
56.537159736469796,1.8629058800443368,0.20051076718958247
56.769429060079879,-1.7011508800305963,0.29328289169840766
56.658435913646798,-0.61295426012916898,0.21190411367215345
56.498910449113254,2.0690710256563221,1.1110757171074663
56.016592668980799,0.028887326050964359,1.6888781789371039
56.302074544275577,1.639293060344402,-0.42281044250280697
57.388982697577447,0.30799329543879272,-1.6962457533365385
55.921245820101092,0.44791827040695653,-1.6522863509210302
56.915265884613319,-0.78894828114649318,2.3345852939109242
56.286007428567636,-1.331585693234854,1.0080993603386985
56.394188363392438,0.71287611425732023,-2.0290449630874776
57.204371545352103,0.17102798581450354,-1.7392759206882502
56.464412024665357,-0.6354454160296702,1.5655375582816897
56.48043822150958,-0.56895789533944463,-1.8853442423674061
57.202218989451232,-2.1962883977123591,-0.24822379266776948
57.075939314892125,0.39058178364849305,-2.1398188847274655
56.777286427964263,1.7836457461857624,-1.1647721743860739
56.385643642666878,1.2925887221940568,1.4777750323250749
56.015304757404749,0.80317471005077745,1.3335679438898516
56.552068754598004,-0.8445544400898658,-1.7997141796737195
55.72615929872039,0.61373853210775153,1.8974245249922401
56.882823182115068,-1.9418987642722132,-0.057288839480040717
55.803157645542328,2.1623107986632739,-0.42415143917375486
57.373860282279054,0.13000432818683536,1.341348820897067
57.28847050525399,-0.51920370332939447,-1.6767478496801698
57.243404213869425,-1.6602091470081874,0.098317122755749928
55.944780989964386,-2.3328725726501509,0.70413650699471997
56.755099079272533,-1.1774979924852329,2.3134197650490851
55.559857946702358,-1.6870534435699271,0.57041934596537203
57.26624732716747,1.8857980965284151,0.34022576763879214
56.038385155770818,-1.5004901670766984,-1.6386816746485862
57.252069234027672,1.536197884969285,-0.79211643549740984
55.631484804392471,-1.716807224706,1.3120533324685537
56.626353295378685,-1.0210582315375261,0.83153459550317865
56.915691693451947,0.40035240978505626,1.8281802843988719
57.510624370752431,0.5909524695121825,-1.4062151123771758
56.444389832182431,1.2733445576047175,-1.3563222847198284
56.371128825930171,-2.1957634860768858,0.8223056873948591
55.857105519870004,-0.04483675103525385,1.9696347845399389
56.006213867178751,2.0221543561955735,-0.5694058007067988
57.225197108174882,-0.63774428856885246,-1.3684011206746911
56.6299034798745,-1.0648246441137879,-0.7137801325728248
56.64110506956888,0.38829675368324512,-1.52281949411988
56.868014529808747,-1.5576568932624402,-1.2836270230959368
57.491973173462419,-1.4923597820219521,-1.2190604419268569
56.290816466802774,0.32780745786077348,-1.8654503892686658
56.433422695331174,-0.53108292642537613,-2.4747966833505268
55.981809745041183,0.95889595815944073,-1.4269864633642213
57.486088668500344,0.021004386900014761,1.7907334493304525
55.756840959250333,0.024406564894040455,-1.9042640897512715
55.528391092428649,0.43929650537962694,2.4567251977647393
57.343678282372935,-0.98181335176732742,2.5570326884782628
55.957899010141105,-0.15695044872737704,-2.5176569979935048
57.214630808258114,-0.26773241113950802,-1.4388316858563903
57.144695913556859,-1.9931542391016221,-0.12248312167862316
55.852205271132888,0.7932133004284645,1.4661034615587019
56.833553146768921,-0.3548156804671671,1.445516745714972
55.603542247780403,-1.2206322793250439,-1.4313051521612734
56.906578617760317,-0.67457256441065749,-1.8216517221830082
56.384563515642455,2.1186470032320184,-0.83972974573198711
57.525454377610139,-0.88911372571169001,-1.7213885850453694
57.495073704698719,1.7012301611354446,0.16595913535774642
56.774708414115338,0.40299797692401124,-1.5645846887251247
56.563275235632211,-1.0274007939177097,1.1302976743078283
55.925179366971037,-1.2015752825700494,1.8170802364884133
55.745477020166781,1.683449795590477,-0.78863618810334413
56.756497531410503,1.7894589766944919,0.1637978940922637
57.287717726162846,-1.7889475900054119,-0.36744714936480827
56.280795354217545,-0.49827437378209344,1.8839795196619622
57.393803022649799,0.29185566143994807,1.841966669530898
55.97816974580482,1.4621327596383682,-1.2465605686638355
56.03379399620556,-1.6895262421229147,-0.15044230580707013
57.613917486150044,1.2854320662399843,-1.1897653143161619
56.034222457799657,-2.0400693330364499,0.10061217519191892
56.944455337665111,1.2939123806132264,-0.24900920656216083
56.411298497178798,-1.7121671088313049,1.545886001966833
57.416038675974129,-1.6333375172778162,0.59777958938028108
57.295256822157299,-1.7618417998379687,0.41427153382514531
56.339744781227687,1.5041046049289344,0.02664167423069139
56.98779030726174,-1.0809036076710501,1.3927777028404611
57.339495361669023,-0.015949495108875236,1.5829986958145308
56.644131001243444,-0.64783517120330458,1.7699272962677892
55.821554569380531,-0.055335107787205663,-1.3253601486579936
55.815718256815963,1.1272895907145941,1.3945849892571658
56.585154765686489,1.3105983278511413,-1.2719536940679894
56.309179847773159,1.6972196962252579,-0.48860361934408608
55.76616483789261,1.1654230513710078,1.2719131199883129
55.972079858487973,-1.8323303546779035,0.42938522372481852
57.349827447138978,-1.7152399983090747,0.40419679315642321
56.829811133927684,-0.46777699391413891,2.1921318229745563
56.316959422369351,-1.5891226637243461,-0.99690606058733622
57.086141419505765,-0.80649862197795574,-1.7065794528214362
57.472921596047001,1.3572844183202168,-1.0258585614543736
57.233300066053552,-2.1560709076657765,-0.25636744514824383
55.810402213956031,-1.1275026727906399,-1.2176760572332093
57.087377175392895,0.40879277937972208,1.6948725488642098
57.419744658087268,-1.5106891716646316,-1.5943751337904526
57.391467240121699,-1.0271136854571719,1.5625829210581434
57.233697022411448,0.49367316926747873,-1.8346263479960316
56.702320782149265,-1.3250143815172128,-1.3492982536122997
56.401890957073995,0.88670274301461949,2.1498117732633268
57.382114796866887,-0.77874392239327295,-1.2460678218497618
56.131715473634131,0.85178226530303791,-1.3715024433684928
57.19779296482298,-0.17235560276554354,1.7450890309180571
57.512668095354762,2.0112409385570449,-0.13781961029362674
56.238436460212981,-0.85484651666134381,1.6175822450402775
56.314252038168505,-0.86916944637192195,-1.4264482898653827
56.326707039153334,-1.1095571563013509,-1.9747744358230293
56.210101975364168,1.8282089413113969,-0.28050527466760961
56.299325191519692,-2.086905197854529,-0.060918630059135906
55.882990058911147,1.7241335478005575,-0.44761638447603197
56.425773337802795,1.2712816129297835,1.4366424065649512
56.734841802937012,-1.5050157006371989,0.79617377932781919
56.733290196316567,-0.16030030025279773,2.1017482634536413
56.826012677422838,-2.1634128971430058,1.5670528376947375
55.71810593028092,-0.14635614038394654,2.0208734952014806
55.756913561768897,0.55286629631751483,-2.260222151639895
56.667878464829229,-0.42599962914366096,-1.0809679725948305
57.188566449042554,1.2878568333714207,-1.0404517722607465
57.377404248364918,1.4047160283651041,-1.1666724436153699
56.250132773494343,-1.1617264286687945,1.6127277310758024
55.684984598489685,1.4615736122266803,1.1308216557938726
55.850462503846124,1.7447430315822907,1.2098663144818245
55.99803320184688,-1.8141355091561784,-0.73531034549606655
56.205881903731509,1.6483064420428286,0.26124081123611259
56.50200872249934,0.58582327736785,1.5360916684567363
57.58050236846303,1.6348024214278347,0.7793980258843326
55.924550802965591,0.72300074187354957,1.4351475298014518
56.592577230435275,-1.2674726409750225,1.5427315528153336
55.817206708001088,1.2856785703730256,1.5068956216517768
56.074436336622966,1.4253876646072601,1.4988710884619323
55.616593673990963,-0.7207064231627508,-1.2873512553710937
56.318943558393997,0.55086392186163247,1.7214974008860997
56.933539479210843,-1.4626364441084883,1.2994949668016438
56.861480414352989,0.31856867285710827,1.4108427203062079
57.423600410899915,-1.136728413398435,-1.2891067562930032
57.104232564316689,1.3113738759918514,1.1260378522872512
57.159348601804695,-0.51929625000851565,-1.536008620181835
57.50317596966071,1.9885674647792999,0.58825630070451762
57.065882510657424,-0.53217444585339835,1.7709532237606906
56.187673573622362,1.8677930764668156,1.1041469384147415
56.147478547764798,0.51606890306332287,-2.0920987693950552
55.835122795372484,-0.2923233569079231,1.8643923906948183
57.362540060626628,-0.18846572605669965,2.1042867451059131
57.093300198277902,-1.4423736998714012,0.595799755117559
55.886031181336847,-1.5369566380724926,-1.3295628033744278
57.285082324706302,0.53311623142021036,-2.0755562915108401
55.952903270974993,1.2483145544585461,1.5527645179745906
55.975889170849072,-2.4359649394393514,-2.0080538766766316
56.732298575442876,-1.5120299437131286,0.34654388546345899
56.660457899160662,0.011859671150856418,1.0061568838323212
56.022898274534739,-0.023665960743158288,-1.5831576095194142
56.642209139208738,0.70690764339758905,2.1330463934734558
56.990497550341466,0.58305372349293316,1.5919451198930985
56.286717928150971,0.31923230921172596,-1.8432712193684369
57.235564981771255,1.9928226180374862,-1.0064037132925079
57.043540127905857,1.8444936291541802,0.12598762140597122
56.393240397833182,1.6592729018096843,1.1238632131333559
55.936011512750468,-1.4920523342320262,-0.19775977647916818
55.923071769555428,1.710514150482646,0.65509780035993259
57.555878892174462,1.7376153328570512,1.0764247465125838
55.826411641182723,-0.75101873067637437,2.0871446423359132
56.498533737170952,-2.1679004444169161,0.34502573721231117
56.658882561947422,-0.91077859813922768,-1.5799561640451625
55.612978199295476,0.7247025954189531,1.7025202815637193
57.409723391357474,2.2164598420290029,0.64183848657102005
57.158386927911401,1.7251649707829511,0.8201635883724846
56.864968029887564,-0.6733794605309904,-1.6851881989547424
56.438633319475649,-0.98337629906279678,1.3766017387737377
56.301670938294933,-1.2008769697016866,1.4355308240136695
55.691298572197091,-0.44483014571995055,-2.1587398556385846
57.031436037606724,1.4096391698012716,-1.8615386726141716
57.340364330384674,-1.246555304597412,0.63168725205218612
55.56017522291198,1.0826356204324179,-1.7060686978281785
56.5631133444478,-1.0771869472406828,-1.1565930003605727
55.996604955481452,-1.1037536606458149,1.5005590954485353
56.01684168640729,-1.7836742607052403,0.41054892109156566
57.240058969199112,-1.3292299913024581,1.6229124630191858
56.368275255331909,-2.1237222855065467,0.25325861270894734
56.756125486972081,1.615086620050449,1.3450268678703332
56.786980073821759,-0.86763455687716462,1.7641744448672769
57.078189035105204,0.55097556677615733,-2.0152958749797611
57.538275675530166,-1.7040745038649905,-0.5313569247819907
55.981701362371993,-0.11371908997107855,-0.16172978675322436
57.354953908212757,-0.64177674952669994,-1.8908364712831645
56.472954020215525,-1.6072611314860483,0.88304101641551802
57.382953202304549,-0.85055339012360776,-1.0952681539239053
56.571572526467833,0.83114621956706414,-1.8347887379003061
56.18954334171616,-1.3891848907679201,0.67487539646882244
56.502695554957199,-0.69245859867175796,-1.6242880666731943
56.568186603987257,-1.6834594580079922,0.73457745616807713
57.00481955801424,-1.6965551425569558,-0.032949195264324882
57.480313589736056,-1.4044307072664766,1.3277023072799798
56.844458363358648,-0.92971177179490194,1.7191525113060768
56.816739371764527,-0.7086699012994645,1.8952821699597628
56.979786126604829,0.92121218130519078,1.3027952495825654
56.509839389778179,2.2136115154223144,-0.49623609067561714
56.786585874047638,1.831439810565143,-0.78598613818462193
57.13526234052685,-2.031885825096627,-0.0013050355148750735
56.629511583353263,2.1011809141716644,-0.51785358611998522
56.92704999742017,1.0891241029584091,-2.0179025655290026
56.150919928349687,1.5763517805923277,-1.2914678628605449
57.196461608295976,-0.68259303214895484,2.3941633012932804
57.218516342466351,-0.37153631524965852,-1.6448149269447234
56.60965683661437,-0.72548259140584836,-2.2188666879182444
56.195455214961441,-1.5970803541034666,-0.59273066480588632
55.931806661191068,-2.3839818439800826,0.71850206142238138
56.772208889221346,1.5812027222383302,-0.90769412638868152
57.071801489698565,1.1328600906230877,1.0727949142917093
56.786836928551146,-2.002875167534147,-0.89762379487079069
55.825771373456149,1.3527751218326125,-1.2355312939984542
57.34791172865485,1.3544376611110935,-0.67483303786306204
56.173609681167555,1.465325888504162,-0.88028532934062942
55.934167238339839,-1.9487192184734292,0.57204056327868402
56.46476578515783,1.0862514698226127,1.1353367550667957
55.819916806285832,0.25842175657255062,2.1241701365189298
57.251968260978359,2.0687420849662952,-0.29853517841745714
57.083232734529652,-0.58263377305451103,1.2911631593408033
56.463823144946872,-0.55965095693525357,-1.7635237897444782
56.032629921477124,-1.1400001404412958,0.47489823763856281
57.368929856415185,-1.6008663634278177,0.88691439763435198
56.664272894068269,-1.1578490807307087,-1.3038033431550635
56.217657167978686,-1.3467942082304383,-1.2940609552821492
57.54993261830257,2.0656585302977755,0.41559422476473429
56.087583362553296,-0.87211752518554675,1.8501089779323958
57.126983688207048,-1.5611637518101218,-0.80593845122009156
56.864521904828855,1.4773804194201077,-1.5680764473300037
57.099987475612906,-1.7003989089881313,-0.34402894580794025
57.400385692631673,-0.22231947105007091,-1.7684314977703184
56.116234081514932,-1.5227575906125002,-0.68883428438083338
57.705369270195519,-1.866341642155408,1.0293006587590372
55.740837669795226,-1.9600969695258612,-0.38843570273937067
56.207581414528903,0.28154474819003533,2.0797586677930791
55.997682316896324,2.0530720907354083,-0.063217904217633861
55.752328167801679,-0.99657924127513886,-1.5155315700622625
55.855419963380108,0.82547758523767301,1.7107164166144138
56.482262506376237,-1.2982412852862633,-1.4919352197899287
56.16324646614602,-0.64067288208131468,-1.8046297647731908
56.840371237638983,-0.071930315827336541,1.8543470789860248
57.06895596669407,-1.8673309126653093,-1.0028631790904972
57.009210907143689,0.51435938453950725,1.3577617227176346
57.167109030528003,-1.1199899081017686,-1.7447145248696072
56.71063442055496,1.9426616479196135,-0.54036600278950209
56.336722510043245,0.63748606499944538,1.9167200541446605
55.964395227799905,1.598221601121445,-0.33969474615969009
57.302619480349918,1.6187873425337258,0.66156789707342867
57.044530632513876,-2.04446698846633,1.5933640840521153
55.782135792690923,1.9280047979740513,1.0901818290089502
56.593823397521732,1.8370384625371252,-0.64176878650639768
55.838700099881486,-1.6539141892722056,-0.46798727469038387
56.743035911564228,1.6875219594475692,0.20412895410960855
56.753044510410611,-0.15598656422617863,-2.3065264215472143
56.729418360203582,1.8184961315250798,-0.09282693985721184
56.557681384968511,-0.12642986550968832,-1.7090054334920968
57.201011431950448,-0.80155058680169,1.3888434395463258
56.460862827086409,0.97039471257372256,2.2420584513556836
55.729486116416325,-0.39999700868467769,-2.9478374249323331
57.172903036320221,-1.425793430197106,1.632024492492512
57.098881841966275,-1.772810484223579,-0.20634882146026318
56.99616740794135,1.9881987448082157,1.2769538924242982
57.459143560306742,-1.7740418064433201,0.94833009013934644
57.414540765701076,0.11382150945728743,1.9422325242587821
55.921167614737477,-1.7346890022728829,0.95755814238305614
55.686300133513569,0.8028835388394725,1.5067103069175198
57.616822974422796,-0.20285398050066616,2.2578233272627313
56.981823900619794,1.9229139633606849,0.97671109434501835
57.056898709807932,2.2264194866860927,1.49685318433299
57.274180066570047,1.2863231160247666,1.6701079607442921
56.539937018402448,-0.70190120575699022,-1.5583551633203654
56.847641626116989,1.2124896074616582,-1.6036293935746322
55.787847947947618,1.2046700882519954,0.93386006892695683
57.295669565160509,-0.9066863900900356,-1.4680464307873891
56.11696978637881,1.4047892176645262,0.1326092641420458
56.6815445456823,-1.7471063771674633,0.831823883688246
55.852197530012539,0.92167156913961268,2.2925384882214574
56.134696601256692,0.52539631431255818,-1.7508852315284169
56.399098092624591,0.95653423928655767,1.8627581637855786
55.900074952393815,2.337748066834533,-0.57824289013002084
55.681532035349058,0.65434956385319509,-1.9059904544212933
56.941460842175516,1.2244011331392879,-1.2574845253469236
57.391310337465455,1.6107690283534442,-0.75800490453131575
56.529219889584418,0.14787213406869595,1.8813524955851619
56.427193764691793,-2.059931656980603,0.28643053285994036
57.323297118395921,-0.67133234762036564,-1.4287929668633028
55.680474283935276,-2.2909618569274266,0.21318945581041138
56.935096064940417,0.86362736552779673,2.362359459330476
55.930356829170506,-1.1523401341986095,0.87202575415765338
57.009281208734663,-0.99776135921501263,-1.7519742308383057
55.764726437679748,1.7910244690907888,0.84788688655319011
56.909331611276286,-0.46005492264440417,-2.3300502727887298
57.497578374920792,0.21196242995661241,-1.7630398377574978
56.196059961821177,-1.3769747205805463,-1.5290780746390489
56.814731900675326,-0.38313668876081386,1.9532907141687073
56.574677017040067,1.9416081899702866,-0.78603737532277673
55.622606807085127,-1.983911514113017,0.24841704738044409
57.193334362295168,-0.098479578920464786,1.8718124746938873
55.961850513444553,0.59395010846382401,1.5062942800399364
56.561681133168413,1.6886866762993893,1.30257912329433
56.290827764152063,-0.071040898286260118,1.723099223535757
56.555600575380716,-1.0707680348384605,-1.9963619221543365
56.540271552192145,-0.96050126255147517,-1.7131056293017874
57.485979953547385,-2.2691551276494519,0.70269998472047579
56.661469438020909,-1.2605002710093787,0.66792989329015617
56.273817036940102,0.25052350429297826,-1.9107166706657974
57.437719871124919,0.070489950512029886,-1.8952914311270803
56.677752320834522,1.6019511853816419,1.0361575497677207
56.380390402253305,-0.17452651069244104,-2.1378324555664965
56.629801490447385,0.61983012464011755,-1.5311641048373461
56.886903590861436,-0.22499261803287404,2.046392112733082
57.535623448905561,-0.26957536458141812,-1.0619082683207188
56.723060471605436,-0.10031237961122759,-1.8329671368747746
56.120576855816417,2.3080435750447972,0.061570583973041736
57.19998249138272,0.39686247614247239,1.8430057231197339
56.043735356073697,0.061804659415426795,-2.0304983969140595
56.63849376604896,-1.972265157968341,-0.072981435744380693
56.875439669720642,2.5025898361739349,-0.22638204494552316
56.825970243297157,1.2287395669080647,1.4701799836656264
57.624603603122907,1.7768961093200166,0.57188818452855461
57.527308754244181,-0.87717522698379613,1.5363092907904277
57.187981064745308,1.9359175900853371,-0.28007315756407913
55.844806600021265,0.11484062219454901,-2.0825697921157156
56.146466283109952,-1.6129694247112154,-0.58548697333529454
56.093909722182445,1.8575480418334862,-2.7652282670737254
57.215005669774207,1.3376849048078943,-1.1242756898644126
56.172979273195203,0.43527280807920732,-1.6525692797676297
55.843202671829552,-2.1036516172993256,-0.23382288185551375
55.966566968970675,2.1890243479568761,-0.61947569967185001
56.9339154317815,-0.52900244913070027,-1.6862790889952286
55.76428592194609,1.0088898145112195,-1.8701765594781623
57.055690370963156,-0.096382547026908419,-2.077259411333511
56.737959541956755,0.70677769052862227,-1.689905603227972
57.422192852321494,-1.8977651606497619,0.65107243084268795
56.850129098326889,0.51724702841012971,1.9891038359963586
56.093533697301474,0.60857808209320918,1.9323894066556266
57.513734197144991,-2.1266746938776282,0.44774160830012733
56.970705367732073,-1.0755364220439889,1.9281604871719504
57.418459466483867,1.6940642237375427,0.22864063266472381
56.868407164200782,-1.8543800916610194,0.96051133206143346
56.822677749444289,0.88660438605149816,1.5983698525145633
56.32703363272536,1.7117273137282054,0.64489495033015509
56.248796364996764,2.1466184415478073,0.27976899283357731
56.378292132341514,1.594460863555496,0.23089534389232341
56.812055643443124,0.68953758679341126,1.7123637748331848
57.133224672480672,-1.0190966134269757,1.1757374611532037
57.271387043615917,-1.5532516633330971,1.2864046215126197
56.44364759372445,-1.3604260373633128,-0.94953279935036716
57.037699763341045,0.50370258702423953,1.7070020062543012
57.556668514397764,1.2156515081697468,-1.4784272860788843
57.133965019517085,1.528802114270291,1.4738149475626994
56.56187902103008,1.3840598133623314,1.3822002241335156
56.642743054075979,2.3775928712861902,0.79316590243990326
56.755599169913481,-1.3329111236778823,-1.1355417875833427
56.697701505091288,-1.2703934164860731,-1.5083158089088065
57.501739619683079,1.1815364138408215,-1.4410594845471187
56.362591408532438,1.9563556132687165,0.58692045478550681
56.511016658030485,1.8800043519924241,-0.94675637010684066
55.663114097847398,1.3086210865342218,-0.7544794818532452
55.925087846479393,1.4072979600252093,1.1177646152621186
57.242226757424952,1.6493205280012948,-1.1725934300512948
57.417548534702014,1.388057928774957,1.7952625156368758
56.326706452283453,-0.20893129247898817,-1.6533216726433246
56.176224808804633,-0.22201763779013706,-2.435401111030727
55.791041856482174,-1.6261733641263907,-1.1508806681263408
56.319145895699585,-1.6940642481918606,0.66011987213364154
56.373846998620451,0.78583024256540424,-1.7563972860536798
55.868813151199959,-0.30649578254567256,-2.2400277606033492
56.442419258630146,0.40036240928187172,-2.0244297745668072
57.35193286666761,-0.1930764905113693,-1.9205705209566659
56.49176454211814,-0.00059913270050079609,-1.7852684862246844
57.163886098221525,1.5755279445929156,1.4486628468399125
56.733592395502576,0.075416356902708342,-1.7513708095700591
57.494557437914509,0.57175197401426692,1.8404521329387049
56.778561283381279,-0.41383189157729927,1.8337460123820386
57.282570094793449,0.12229754200173887,2.372252543640148
57.377393987948423,1.8331049611946675,-1.0444915298889994
55.921140229181432,0.96861708547950465,-1.4776106550886354
57.26013972541373,-0.96212259490578933,1.4503249220427357
55.410173936611663,-1.4623815040429238,0.93896407607715482
55.743185593533767,1.0042108684465785,1.7027539858153016
56.684445649390121,-1.8279942342118576,-0.21629453099040757
56.911532275355619,2.0169554047271139,-0.39127629460497448
56.506639460072769,1.4113859432988027,-0.9382093204562485
56.626299657519787,1.515700724485443,0.71128365926772408
57.346820948676168,2.1460760095811522,-0.92452971427374919
56.841137949368346,-1.268683962254767,-1.0813309403047486
55.822027787145103,1.3237452476845861,-1.1376951422825441
56.788989962869607,-1.739654598305483,-1.0842223973271383
56.94758537045697,-1.3420208390172546,-0.67377443841772378
56.777809694150278,-1.3670043839685402,-1.266174547273986
55.766572732565628,-0.88140969789894585,1.9338982100124134
56.23135715994357,-0.56612071016045296,1.6500527194975494
57.565741170083243,-1.6354361498172698,-0.048109343009006676
56.583344090943598,-1.5146149026078894,0.86769500083408146
55.592869747514889,-1.8280765408071971,0.13965750643136635
55.68139074111243,0.94166817289009053,-1.9023860381571771
57.17199972039473,-0.42181744561818446,1.9175467453886008
56.550974192283228,1.099764248548299,1.1482640253480714
56.404488569065762,0.96203510107527346,1.5844611659709371
55.930723112836333,1.661560955699549,-0.49623154314804574
56.864231662294529,1.3134356146213295,0.60442114965264182
56.49476036678297,-0.33079947600793863,-2.066505992324926
56.274482620728854,-1.7428267517862783,1.0033493367002415
56.010406767895056,-0.50109649350908347,-2.106998458753508
56.848996122650952,0.55437496273621478,2.0132181232622979
56.546175655368302,-0.52294915900614869,-1.7300028781180676
55.863229837468573,-0.97881328292547454,1.9057169624005221
56.649788427144138,-1.5480631411946773,0.65020392491385459
56.668079841919926,0.37958828428042546,-1.9641545808834371
57.283066472406297,-1.1637753624035074,-0.89476311968522315
56.837431214852714,0.39123488911560172,-1.939954330385681
56.418973674932268,-1.476673537177295,-1.8147511551230524
57.299996035766767,1.2302908103641406,1.2983022446011583
56.592134588401365,-0.58832988348027748,1.1124135942644495
55.615149246523174,0.36554031190533626,-2.041646833401269
56.884878311099897,0.35978941161183642,1.9012498533156903
56.125287017641028,0.34305105808560776,-1.6926437640232852
56.928140342596826,1.7747460407443427,0.68061539818492334
56.494506359383053,-0.2241211284744179,2.1126212355641996
57.038588353653502,-1.663274651040082,1.2345870633778662
57.434135142875462,1.5707439168756847,-1.0361806810571348
56.025361074915281,-1.2065917657223364,1.2589672009838795
55.999927494573114,-1.6796913166134282,-0.6381212288178274
57.355302249102728,-1.8235811741397643,0.35016756292332513
56.66625293152142,1.760192440207339,-0.75639827724050168
56.420432906395789,-0.91547980310636679,-1.8165232498629549
56.233351222965496,0.81495194457472742,1.9694006744299906
55.940604181918154,-1.663577716890809,-1.3720819517920579
56.594756062960236,1.4083261539792158,-1.906213723931145
56.448406391202141,1.4684508875918052,1.2037523195352648
55.955087107443184,-2.2125010656438318,0.80942236118307775
56.248749293908567,-2.2114044462273741,-0.039186519009280267
55.78027475726897,1.3446382401611707,-1.3920725109463006
56.307728196244554,1.0230368070881506,1.6189353953294128
57.213565795647497,1.3894107207614543,-1.3714258932157517
56.38051792961835,-0.66977036816591673,-1.4407745598712471
56.224637138950385,0.51724077093103693,-1.5192441586613141
57.500515764872283,1.4198328634577055,-1.1331117690820911
57.300868208811906,0.13996310524970829,2.0064697059409644
56.227394081634408,-1.2576517882738585,-0.97460815884723195
56.748416937496067,1.0150104451882946,1.4377275158016429
56.755866337947424,0.93700989731652007,-1.6077620802906618
56.547990242217239,-1.341702385185394,1.5473815021386121
56.365976917386838,-1.4197006718714684,1.4920289099485713
55.751267363121393,-0.04333296434121077,2.2027301525715779
57.103437964715994,1.1150270392777764,-1.3161797139933531
56.408899422409831,-0.26778829351682609,1.3633332327760179
55.592888931329654,1.1629410065023174,1.2693553906134925
57.170123524969362,1.2047839628008128,1.4626764152327865
57.428047771159328,0.68712500180212166,2.0198052569529161
57.431868083756648,1.414485647392006,1.0855522082463978
56.512734346333858,2.6741426220567277,-1.1038710506861487
56.035212177405775,1.9146369114941963,0.62193168666912246
57.210348584748409,1.9605441595518334,1.2206858721163321
57.31325639797511,-1.6417602020477862,-1.029637874042832
57.422782375191588,-1.2445982811507952,-0.68368904080047299
55.774299476969226,-1.8567148412600669,0.31319215216109364
56.773280449695598,2.4853184153918653,0.38985043109316186
57.068334845593839,-1.6252257165981514,0.40514695112405846
57.547315620942769,2.219503833735085,0.79984425522183056
57.085919623285093,1.7869081323237006,-1.3382214373649135
55.885772471261724,-2.270315270836976,-0.25737037357197173
56.31370591757365,-0.92216894817990491,-1.9556166431281521
55.836585928892625,1.181219181804875,-1.5802409425008093
56.881431396441556,1.4520673800217361,-0.032332829760255512
56.816894189834848,1.5078159961200128,0.26144045450275338
57.178674281235793,-1.160068462566342,1.2844193604292027
56.078721971761752,0.34013028577142312,1.3753610169003485
56.948041533294926,1.228280028460524,1.2486056559834018
56.272299316895065,-1.4294227973649003,1.2989392018180064
56.159266448158057,-1.2875922487313247,-1.5474994242605766
57.429021911130043,1.4258973126544761,-0.3753082376917129
57.136682837862033,-0.24138318452055343,1.6534393579064284
55.661003669934075,-0.83891345080102298,1.9228231005113168
55.726719366744994,1.8954583306837789,-0.15865072538010952
56.178632426591243,1.904869721547106,-1.2315825967770719
56.145527844089919,-1.0468315316899244,1.849617039167718
56.660317946811432,-1.008069402672285,1.7881367521587976
57.143645823727013,2.1203238484019438,1.2287664206480831
57.116795640323602,0.88676987638129634,1.5507367293477918
56.036659707897016,0.5409158972439374,2.2283853922493009
55.681308742524926,-1.4609985063113491,1.3868275926583051
56.200356719598602,1.8016829411795765,0.90816907639814637
56.761693501766693,1.8390210440734482,-1.1524056426304572
56.186626433858471,-0.92186813685601865,-1.3633543941248381
57.400693686141693,-0.74147772077316476,1.9932639321043062
56.082144004284551,0.5408482108606989,-1.5587129850693675
56.776957314526499,1.2245029771029272,0.34002935349991942
56.629000987216983,0.60646593107879498,1.9843658618880344
56.211202533169491,-1.0637908127970555,1.4882748769256058
55.852833035781558,-1.2082345272757111,-1.1995695816999716
55.792646809781708,-1.2731939082944579,-1.4649274184536838
56.903262459269008,-0.0217969007199167,2.0142606511853605
55.971571927073867,0.47356042456492936,1.2091073099706182
56.26441474087305,1.8292802981202638,1.0837338769150677
55.958113449347984,1.0342790072177892,1.4066641958987516
56.891255163213962,-0.61671719580843098,-1.5761479811809163
57.182618488451709,-1.8948671428543296,0.39956519767102805
57.215135993940571,-0.50684653553717429,-1.731470810130648
57.290103113138393,-1.4335408147367528,0.37860680647467693
57.353847680192494,0.88745193990327631,1.4967334800236571
56.414697949364012,-1.179343075828617,0.94427268498192751
56.109954545458486,-0.94490824314237332,-2.0966996582082764
56.447831299538308,1.0926591486526769,1.5503130269475571
56.941168750359395,1.9001178643256342,0.68359546006280181
57.451499823588847,1.7409522615309991,-0.63539013328521254
56.043347392340941,1.8941924018803415,0.62447084110734163
57.602552334076073,2.0851351675250798,-0.24181150288534592
55.808586046501368,-1.59185760083895,1.1444192468899628
57.379687149857219,-1.7872782663253366,-1.6291841457954344
55.784130849491952,-1.3619819069776709,-1.0447061252649845
56.544163921674937,-1.3922936420051593,1.1282592874240376
57.252164630059106,-0.34801668715027778,1.4666226191954501
56.421875736216364,0.85374439194700347,1.4462592055708792
56.732911838411013,1.8527497274820164,0.71065791265105716
55.684506469026068,-2.3789608617413425,0.1392346314322328
55.764537696265499,0.498013125754594,2.0175963386805673
55.837808942006248,-0.99689968971555076,1.1693779781365092
56.032215396525721,2.3695035889545872,-0.09561273846632759
56.499874292457882,-1.2661340556432845,1.0016253079712647
56.222870434102276,0.5769210067192222,1.7224474981858293
57.279889639463732,1.4918160231663933,1.2589838191557787
56.638035067816567,0.35654820254226555,-1.742724992275746
56.555348532055305,-0.83688448415566241,-1.6100032554519221
56.893783211117302,-0.81823584049655806,-1.5745991170921445
56.185112548460559,-1.6649104173882205,0.91816368352059574
56.12757159880843,-0.67141813611056544,-1.8821209477814453
57.45202194475997,-1.5227716629537149,-0.98633571446632129
57.513600726072859,0.84604055146258261,1.757766908719357
57.057127686560797,2.1079035354616344,0.090453411569124439
56.068215679501051,-0.84526869848289587,-1.5775196270335829
55.552954603424503,0.77501437241858517,-1.211476648081417
57.027218279541785,0.65450415241781845,-1.8129162666091556
55.720830157175037,-1.0972818886289999,0.25803196868726541
56.07410801571924,-2.1575998575495556,0.95805505089423726
57.031615381816671,-0.65536950532452221,-1.6843673519231048
56.117785665501607,0.59434980498602474,-1.8268541716121378
55.661428260302387,0.16217820543809416,1.5568058175251256
55.626350628415821,-1.8449491992480544,-1.7516410461671343
56.426784350375719,1.661202284166029,-0.54182018607311611
56.187390165019707,-2.1398713888124963,-1.0216232142110504
56.14945744414122,-1.7714628070099556,0.38316731739002402
57.533516466847068,1.6943550727848646,-0.41824493437461452
56.948033503087778,-1.7972654659770573,0.72080190492237284
56.912431508750636,-1.4388744479211795,1.2131872654201401
57.56932871210703,1.2703349893936109,1.3069712142592831
56.52024548489964,1.25910265067867,0.8143077912442418
56.140687173017923,1.6396142336978101,-0.69926252246178033
56.895035143970624,0.75803222842776008,-1.5741711233848226
57.401203459552463,-1.2629982060491487,-0.60334839066387835
55.959666874450249,-1.7748282988029844,0.56559699706606936
57.163268490854392,1.8939113661252778,-0.92630881765777828
56.38653661456059,1.9580891970423233,-0.66406457098093652
57.536820828347231,1.8046094990653454,0.3989296890871642
55.873012100580432,-0.054310493772714435,1.9500114110453122
56.88796115548206,-1.3735132920788162,1.8253274985890919
57.65668972704939,1.1336143166198238,-1.3528733537091953
56.84664268164002,-1.1054305605076249,-1.7666751520206088
56.413733584635466,-1.3347169681475941,-1.533033019135954
56.461370031224249,1.6829457787089206,1.3102681944493266
56.697835625187068,2.1735558285140346,0.3827001801382785
56.317760728997442,0.80005965202504603,-1.3841420074656858
56.880311575152774,1.5097967417175404,-1.3499336119774599
56.950855338293351,-1.8821801802143203,1.0951689721511519
56.138176300005533,0.5280287443061874,1.7835629170414509
56.625058337025088,-0.43879382978153536,1.8752780747979187
56.410513634772961,-2.1225783178824766,0.29113767857106676
56.982063252679737,-2.0245817378034499,-0.56292775879534251
56.44338570397057,-1.5776872036843275,-0.66389353569846188
56.891221579818655,2.2018716875722895,0.78391878424228145
56.601040989725426,-0.34127551582927251,1.8603932572479522
55.812713329703939,1.3436557032264558,-1.2813453329656039
57.079261588582398,-0.012863485021487304,1.7013447842137488
55.749161743978568,-2.3332836775321786,0.20413538849902704
56.041238159547156,-1.4743067808055874,0.45690311711529658
57.357960686915675,1.7157992424727784,-0.8406016800334345
56.392421505755706,-0.85971657638939925,1.6740305287061517
56.695915447803579,1.2948550679431314,-0.88192086229340017
57.276001914394307,-1.3228949879431338,1.6246145913515706
56.368484495632373,-2.0575712201759742,-1.2239877484687893
56.265223992360532,2.2057522007673405,-1.0468993804713895
55.930213256068996,-0.48071151098476522,1.748929461318701
55.930678043015433,1.796577464438017,-0.22113821261373579
57.181916055988808,-2.0244789329415154,-0.51364230272270528
56.268001364074827,1.261428245302544,-1.5248756886389869
56.816936561953618,0.79037925706786916,0.83085184469030393
57.415430211057547,-1.6146925581340177,-1.4969703791634104
57.428865767992228,-1.4937123100785612,0.66985239680882214
56.255279479251804,1.1967115521303089,-1.6596357104041641
56.111948715896595,1.8867284629506627,0.65162431805661192
56.580013641209135,-1.7548921364081576,0.56258849655546506
57.280954578027661,-1.3766880989129864,-1.2282608491052134
57.566501040494444,1.5438130732210711,-1.5815333956650346
55.633662067736878,0.73955366987988291,-1.2851773349324085
56.725240998920597,-1.0587364315352406,1.8979981610197429
57.608131422439257,-1.9886835858708469,0.4364219095864309
55.748466333537195,1.4433278357830728,1.2967223079312689
55.893564627375753,1.1194223108928945,-1.2834532545791695
56.937694678194561,1.684729408181955,1.1110647790181682
57.377543739992056,-1.5226755133015846,-0.1932485746711885
56.21323635293308,-1.4348142748548005,1.330308867665682
56.308266341858264,-1.3116804092418131,-1.4172940444207824
57.493467784686509,-0.25146340847264026,-1.6675666408762118
56.144954094763463,1.7136928746444198,-1.2780802915932308
56.496917513374974,-0.13482094060573738,-1.4168236288616891
56.128021957528418,1.4794042126075011,1.9378199783442442
57.053408595302912,1.8113319093890214,-0.15904193572078507
55.951910578535511,1.8860330621348658,-0.29853269318018838
56.987642783063507,0.22748839628252457,-1.8111658237621633
56.232361330120838,0.36877980184078801,-1.6925304918118129
57.0099627877701,1.8976911226308095,0.7469880575939386
55.969204439326873,-0.6802216932580909,1.8683356774145856
56.219037536777222,-1.212261320862658,-1.3756404933371149
55.972141212285933,1.142365477328269,1.1756139080481385
57.358483983978523,-1.5266132618376846,1.0442413982211067
56.804614539610917,1.1590423605627749,1.6670782725642657
57.145248436334676,0.95184114504351391,-1.9704227111869823
57.551381816132007,-1.8419131459441946,0.7791854057435581
56.287847816923033,-1.4603615114994886,1.1417635428367521
56.903430902766004,-1.8533228230682439,-0.0017050668076843761
56.15205722260702,-2.00535018605451,0.61422973759834221
56.758280382434137,-1.1100377761032685,-1.9149303315545056
56.063149143845955,0.17901811931914277,1.7058820337662692
55.941341464350174,0.68173229516076927,1.8240106823581981
56.364825423891119,0.95737251314244998,2.1188672848047041
55.619298584765367,-1.0893812130082692,-1.5871480813943057
56.721955729940817,-1.7540438189882426,0.54026243466952217
56.025296499545334,1.6518721850449822,0.59263793865908621
57.458325549341268,-1.5996128219256152,-0.91634068501018662
