56.386953001926365,0.67778629982575478,-0.36227996189430733
56.898072840588334,0.33270384180027845,0.86399414276163145
56.558041689793498,1.0399214477291581,0.30842283981476559
57.3492616065869,-1.5429092566167166,-1.6365399221776962
56.818721021238098,-0.082415183486978585,0.79133718538147846
56.073233195551659,-0.55062539908463504,-1.5072338830519278
57.564872932206242,1.2429855664391622,0.73297770960871989
56.817911046058228,1.1113815304783377,-0.23641044641976144
56.533929627744328,-0.36887407182174103,0.90199055931132688
56.588782946093538,0.99660975247177874,0.01045324380430598
56.236921006686792,-1.3485445789242494,-0.58014676126662346
57.207659287141404,-0.59017642581510699,-0.34088271004543863
57.473522477474397,-0.6858914099167509,-0.46693762916318787
56.07786055544662,-0.32821119477891325,-1.098435035695593
57.618934912007084,1.2811141395341306,-0.53936215555902656
56.046355035424227,0.74699097780038726,0.83792233541390448
57.615878762336621,0.94648111461244977,0.62353466700267524
56.307755509390006,0.48983056812004833,-0.86160631645636088
57.526743229926026,-0.34450353746020257,-0.98033600094874485
57.185238116023577,0.38122005957469107,1.2021838053753764
56.438787006551991,0.53748594571707986,-0.95782510066805737
56.506927994141336,-1.4809906684584369,0.4535517060109322
56.529877829215046,0.51655588068304126,-0.35568298029292006
56.946324914780476,0.50083059074347447,-0.86007600794887962
57.286723335576667,-0.58273989646934066,0.76951559926725965
57.795979620573171,-1.1979194984039145,-0.46137115772743614
56.309662371768475,0.83492396583830808,-1.0446209385255447
56.331404890399064,1.0878320963220929,-0.2244784678482685
56.120142859900646,0.14489779053160015,1.4147601378521337
57.312302952668105,0.24281308943833727,-0.86021657074654267
57.585763544528724,0.56879354842543983,-0.6358625537440612
57.441758801688074,-0.89932351856810311,0.57558586161901415
57.809648567652637,1.0424473414938353,-0.82433742275067878
56.936857079223913,-0.73390939039168501,0.077274463768970389
57.575880731753223,-0.43834988189762591,0.66693926604217824
57.236987787843759,-1.1336223293568746,0.82167447916904157
56.400363510137275,-1.2014782766227396,0.18690166598204397
55.795465524274618,-0.35370315609009312,0.95049208754451142
56.51286898120555,-1.2357242301902978,0.17514576392871387
57.068466743898171,0.60598870606984334,0.62765209183550252
57.612485750598822,0.91987780343362524,-0.60359162898506202
56.350724583187038,0.41248641027628502,-1.1036148585311942
57.004868024475705,0.59821929815635355,1.2794522868058864
55.770885794243028,0.72908841497034393,-0.90454423223659486
57.206603117171603,0.79288275772150463,-0.30725862832876372
56.676839586692751,-1.0335872517988332,-0.48192279408451666
57.478358938778634,0.9268679076024352,0.055759617033123779
57.262745442566867,0.93441128305168453,0.77871157276714886
55.997018571811488,0.18157568643478134,-1.5978034736279738
57.128282321930783,-0.13358128357202401,1.146450610511117
56.932624206363201,-0.69036495783028395,0.6741233213585146
56.960218168494876,-0.082722622136194079,1.0573225525228016
56.16145038396413,0.75776740346656302,-0.85910134008198424
56.159240635438074,-1.0300779155734332,0.80924054378301891
56.199531629766661,0.50483250503403387,-0.68753179002978226
57.167836428308775,-1.0227075381444943,0.84370290971955886
56.052694644434119,-0.36869872441239998,1.1732128559370281
56.989050895124777,0.9065824935864244,-0.14869494361568955
57.611369008382681,0.24132179007337612,1.158955360656307
57.270853869017074,0.63171887919694703,0.56591843347023074
55.866938814915038,-0.66253369279167706,-1.2902670753807441
56.8203129405018,1.0059349544201661,-0.25751342816968892
57.531918761978503,-0.37205820653472416,-0.67070545263318659
56.983567992461673,-0.018814176934976223,1.05953760612234
56.750289118148594,-0.82128247975550972,0.096309795981325858
56.980498914047622,-1.0047163476204057,-0.47384002421234461
57.12553264296605,-0.95068337868906938,-0.32674585320215693
56.178144042719595,-1.1740596321743455,-0.88260431654019145
56.656456339606223,0.62871821589211752,-0.40070927745300677
56.830071373514791,0.67984207790380979,1.0974453569759908
56.777648941868577,0.60369689053050424,-0.76244619327732965
57.011453112523313,-0.011149865197104411,1.317842073485487
56.071341539922564,0.043476866657534648,-1.5961128202038211
57.01524134266635,-0.22333126750018414,0.92132593680395825
56.193192853940388,0.64369695933810389,1.7894672638482603
56.881724261835842,-1.5227695967761754,-0.36212372170074453
56.407026041696426,0.60252518580524217,0.78690936573262071
57.078983540755715,-0.090483303312566904,1.2830117145324016
56.875418273081351,-0.54130246037145546,0.86210615888128228
56.417165768203851,1.2874192025160351,-0.1722883719534189
57.708693785097225,0.60866132538929318,-0.71671291696001127
57.849795528622096,0.45838847717729603,0.60511450149140977
56.531847837221235,1.0572132317689784,0.19135471315878838
56.373772429570131,0.95553844317475323,0.11148564320308522
56.288005856412511,-0.0099113403720461016,1.1321562659802427
57.050107881892991,0.95112756516578489,0.18632353119120798
56.519780237735539,-0.51797087938354458,-1.280492507218236
55.769547342051233,-0.85472069785599147,-0.48308542899642642
56.910949544296443,-1.0312892645131635,-0.17705236596169011
56.118142259036574,0.65507829626085778,-0.6004142424020068
57.759453143680915,-1.4932299432144829,0.96403653968844782
56.651149074110172,0.83474700636304666,-0.59818119384238011
56.622929393299188,-2.8496989403307591,-1.9803899065253228
57.449272845787632,1.0785622359756843,0.47298857855805299
57.419708881936252,0.6518621502807741,-1.2693430657027489
56.361124738274931,1.0333222170413101,0.044831427203866771
57.308359003838255,-1.3051280893679589,-0.46494504559599409
56.409611457229929,-1.6696025315409735,0.0052190191608672241
56.388602880648826,1.0335187485228208,-0.050760497930243426
57.082184375672107,-0.32342729038358403,-1.0392688400323229
57.767636401722719,-1.2342903100565323,0.68598179718224539
57.555243513143544,-0.18436588845358445,-0.8294068796730949
56.631896136448759,-0.44877178609614443,-1.0891254307919562
57.596489962035378,-1.3722727682070173,0.1470103253294418
57.399456353440591,0.44891875999161196,-0.90451979131075122
57.213158838714307,-0.39863561007164594,0.70420244353715777
56.651485580482806,0.057361156304046895,0.92498422414824522
57.438247290674497,0.65709777409683556,0.4407717803164502
56.657683869024595,-1.0176256138065969,-0.28899885391378216
56.129136870151981,-0.49324545950354715,1.1878235070607857
56.825848108979081,0.40812686790768243,-0.47195249058181926
56.37672384543815,-0.10519576945813452,-0.83440832147114585
57.527659378699241,-0.70196779857755642,0.56484858711799002
56.493196061993913,-0.43624262445554562,0.74403096790237144
56.634469762984303,-0.46064911461492147,0.73139206851990912
56.441859390876196,-4.4194648011147333,-1.6889031131601444
55.996705003108438,-1.0100825946635137,0.31885727231269512
57.672123611365365,0.23055418420491411,-0.14174929214488566
57.359881295771402,0.61496037444324037,-0.57031002656888263
57.652330593790289,0.79589402484822991,0.66239537202883103
56.324546262752996,-0.38632382873990379,-0.47045226099932597
56.736538101019562,0.88098012595129693,-0.35113161150032213
57.279611378929076,0.86393644673534975,0.54048089780524855
57.471611594765584,-0.027903251849370057,-0.47871921307599113
56.547786771142867,0.31432019383974313,-0.98848734447210362
57.777757565082993,1.1276255100901003,-0.22417658455800471
57.114091565720571,-1.0192129929969325,0.11974953244058337
56.589755668435984,-0.84009580004637541,-1.1907803244108952
57.262261682494916,0.11069590742878306,-0.90286845755640155
56.764497651972242,-0.2450658367336935,-1.0947041285536263
56.022391602495681,1.296669336935891,-0.22354933302108801
56.303171084869973,0.084794494752538571,-0.5240896992979549
56.385455924532195,-1.2485602092433226,-0.21136401258959581
57.740905205358416,-0.29559429398080778,0.74848606587553823
56.097933280719232,1.1461359085635736,-0.12653596031624426
57.245194040980877,0.21612251500015367,1.0921142209004557
57.656347050801465,0.54667455305257295,-0.096412634289787996
56.519780314366507,0.04599458139378064,0.9449560078699184
56.296686285316518,-0.59290639979319537,-0.40824301681170289
56.235488102874761,0.31275891779879494,0.96875644625507329
57.196302588583585,-0.16065086504917292,-0.92121961970093835
56.495194632101402,1.3340507989039265,-0.47201669533719359
56.475014584147992,0.59731949089551273,0.39540108944732977
57.353462091904781,0.97895718902817297,0.3766546179160668
57.183015684538162,0.044481944189065876,1.0691155917092445
55.944224229025224,-0.35023611779536729,-1.4272712602912505
56.631449802104356,0.29575887584198446,-1.3091019035218303
57.674624135322091,-0.18353095004538925,-1.1973349146669028
56.523918876545657,0.038410939797858881,-1.205815054543419
56.368192020659777,0.83540304938258714,0.77085688995909374
56.030808156172363,0.15258076143973101,0.58639902464359328
56.286857492955988,-0.95461578275399017,0.65971067316255017
57.274732937358863,0.81944332768800454,-1.0503994187298118
57.668957659628703,0.73684221030076824,-0.71187148550943302
57.589019214675339,-0.74650966183416434,0.047915762506461713
56.970794292715595,1.0371547784282242,-0.8538864884145152
56.234627837682488,-1.0611005495886359,-0.27025196450277189
56.608765438713348,-0.94247294739085585,-0.073731986506483285
56.512197415289577,1.4739193404024449,-0.34975715939546764
56.994440428914167,-0.38589980751728831,-1.3844787325488273
56.142200429885584,1.307814635275742,0.26564711437231214
57.076993466195361,0.8991595203646372,0.82137313355410146
57.721389540020837,0.48496096069631239,0.81607221081114378
56.653860925271708,0.38066828615005199,-1.2457651874972109
57.603419867865306,-0.73182566931670867,0.76313543754265134
56.242127510175813,-0.87928716081021885,-0.91284396599834117
57.634507865017227,-0.48686332799235305,-0.43102799050519824
57.520710652457211,-0.98427905120968462,0.03187295494233388
57.757980481123717,0.54628969129163918,-0.03804342992774002
57.32174192660721,-0.87274624616515362,0.62523073472188773
57.592369614047747,-0.91114474664830702,-0.08773926546317902
57.712017000959229,0.12778457256066159,-0.83046529877766329
57.475448202573872,1.188732992104047,0.19921512483235843
56.662118895153384,-1.2496276419454064,0.41318865807041844
56.647528737167335,-1.6286043371955445,-0.61971053981570667
57.317816743278335,0.064291425278963504,-0.77746421880752126
56.202668046984229,-0.051045564267406418,0.92530569428338905
56.394597674462588,-0.91769273725837786,-0.1205493468576038
57.549370698051725,-1.1237818365652577,0.73809119710596516
56.681915262525585,0.036289430964572059,-1.1968199950454583
56.446285140391581,0.54022624646955764,-0.18057414796291327
55.766241687944067,-0.85417336997864124,0.78059263095346154
57.556063044958492,-0.6225387461163806,-0.7095662567744444
56.562459347686222,0.87763007228272083,-0.50345032549652535
57.46800391366147,-0.18354887231330513,0.93383282009124369
56.960731379576472,0.5604907767227495,0.37120594774728816
57.134479192226209,0.58254619535323471,0.50206885791386491
56.814612114454448,-0.49131247025407054,0.60446799338645996
56.155373523824949,-0.25535843273291803,0.64492565473984054
57.100549840889066,-1.314525615714998,-0.14660849162799566
56.913909681020563,-0.90407442813748262,-1.0332470375021532
57.552163950463708,-0.85220460699785983,0.034757368168190236
57.692822991925468,0.7055701067702641,-0.77727253309078403
56.406131426782224,-0.052216103740610503,-1.2547302198155337
57.148904338035564,-0.22477907961510274,0.66499166204316762
55.815294661494171,0.97555487191622714,-0.4436155898045771
55.905788001427233,-0.5795041920298416,-0.96885362621521443
57.13509389731508,-0.8916985013406149,-0.39227909204715006
56.803927211094866,1.0501426963893492,-0.23742889687847446
56.577515560755955,-1.0669888297704628,0.0036678799508529443
55.818999299546022,-0.21168185331770861,-1.0311532778583363
57.795107978024305,1.2692068335225091,0.37130455677560936
56.153880205563709,-1.0350639805890629,0.83053789109898701
57.513259014032791,1.5430767519147734,-0.48060968413736482
57.416887090042785,-0.91128971314314799,-0.38000738676848994
57.58438482327746,0.30854977521599464,-1.3855081258933357
57.496510567681547,-1.0623589399867384,1.080893231867764
57.219268463359867,-0.39215332917499535,-0.77069555864981343
56.901234393969773,-0.49447760927947509,0.06231002692236294
56.109886487521365,0.41276747491293031,-0.80641563606793687
56.564212473118722,0.05138074583848741,-1.3425800297336499
56.512143675637546,0.12242203805508302,0.46624761621815292
56.339454631543532,-0.90240515340458616,-1.4481787622453852
57.106567066999339,0.87104619164935948,-0.99349302832046671
57.381078817419613,0.78399924058974479,-0.69995709921696259
57.392132046576656,0.29248565322886444,1.2650264317261328
56.863671605965237,-0.71171282350250786,-0.79544558636828233
56.539252572561395,0.23714284619871079,0.75911103979113637
56.587490024554697,0.51096842849396862,0.98616741448027467
57.273641908980473,0.1699429552131955,-0.8090318080520611
55.750771523757393,0.46122942572716663,-0.080026924186661699
57.058848479631394,-0.92348696400453234,0.65083135360514843
56.760904800624381,-0.6180397225420835,1.1587984195408898
56.459676678710345,-0.2115583629249696,0.95462538753038606
56.712901996400952,-0.69538792208728895,-0.12051905575241469
56.621713516668663,-0.62338190628308476,-1.3459826578022103
56.510861024954941,1.348991839264839,-0.62951119986633108
57.067917781999533,0.935059871296129,-0.10857847303151545
55.950169335764066,-1.3051609059313769,0.60395221662438225
57.807543343903681,-0.19643261364104547,0.82978136595572194
56.978339339312214,-0.76525566158490632,0.90078389666825776
56.076783380283032,-0.15744465834712343,0.99529221004151025
56.483653629522038,0.36919046275117695,-0.77253850249606093
56.471797185790997,0.32644157591472378,0.51323295782070533
57.345847019462141,0.42360188934984766,0.58689653858622737
56.558986620304658,0.45815895496341996,1.0817605214560502
56.364563506746698,0.89184343612146755,-1.2038285296629583
57.671922555064256,0.29258958675270913,-0.98468132496074801
56.38094680687572,0.39886611478074924,-1.4441291123529778
57.3447556068244,0.50086416147100954,0.77543672045422596
56.35498845051049,-0.40918486670774523,0.55516532287144493
57.680256121169819,-1.0456511774042598,-0.62901213929253352
57.265012099223235,-1.0034605187460974,-0.13165570755685371
56.002247488721096,-0.78096980887627732,-0.57154361209032734
56.64400191318343,-1.3036684990577938,0.44409866882596638
57.665119834618032,1.3289479016467922,-0.80547778181853324
57.314772354565939,-0.89509421473102679,-0.84185813993347014
57.401770857226055,-0.28127723801437582,-0.9798582749618131
57.874557566692708,-0.82858967262970951,0.55767620034121856
57.59354802270073,-1.0184584913088579,0.77910429226147315
56.614885006975214,-0.95749001187896432,0.27367170307739652
29.906638053543492,3.5040230553072478,8.4954016006687141
57.810933515518911,0.96219002901984774,-0.21111946944399368
56.298367343393444,0.28581828419580557,0.93444128412644711
57.24233739867018,0.13134521861746926,-0.48537385432457925
55.966572074900732,0.99340550589798171,-0.75039953124217029
56.660140236328687,-0.43655918229135521,-0.81102163237617064
57.442698200729183,-0.28115003171889535,-0.94569975890490265
57.302900033173422,1.0782327201108379,-0.067510567973107921
57.050048280962393,-0.24837753091901546,-1.1727300250770119
56.450830710701567,0.2322627336952485,-0.88790349638734511
56.634117908014815,-0.77641787984923338,-0.66125567720480105
57.022694981711801,-0.36432731334152901,1.0820096274037245
57.162202857550149,-0.19370659848768357,1.1310400117359842
57.62606724358367,-0.66588639396141591,0.78814933681286181
56.268749776341892,-1.2023114636930483,0.74913927958853455
56.634660764751246,1.1296254230424978,-0.50503562145290126
56.48909693867958,0.4850291214422372,0.0070821137887495484
57.565309339754656,0.67238873785298503,0.90093257709483288
56.17073221273278,0.71860054201466173,-0.55538942667157376
55.68154441310395,-3.1364901203636264,1.8644849953361524
57.344950362520692,-0.4867115378502157,0.71813675466470417
57.419846570120548,-0.31434753631202872,0.59561312461680371
56.347072505922938,1.6251871854651472,0.13400303186418699
56.158323080997761,0.98850423361836115,0.9437673380481939
56.929368134540134,0.95865512585481216,0.23650333553972908
57.31089222313738,-1.1343023835156256,0.20766636465627547
56.048364799480353,-0.55559579269059756,-1.3497634501316276
57.214530044890431,-0.87980274897489652,-0.26141714324925225
55.86214806490905,0.30577319826778587,-0.90557069423217196
57.174028876274534,-0.58333743456903164,-0.36724634388051997
57.15424381304657,-0.18337817193103945,-0.81731162053389828
56.335593861538406,-0.087175268050947163,0.99684317456611005
57.615943313601491,-0.70854176966688887,1.1032075137737956
56.361454339007523,0.77448774025099043,-1.0051811541208
57.59386716283614,-0.89117709416820279,-0.31132827787652168
56.167787703278357,-0.69676634996680309,0.75967213437527759
56.826048066923057,1.3979463725820092,0.23702233752986895
57.754433213988996,-0.38426308249134927,1.1426997281350049
55.927051076158307,0.40785791954602701,-0.48155462591001519
56.771983932061865,0.66631466634310021,-0.21292620853972605
56.937275531839049,-1.1700829525643219,1.15427522125202
56.612834243416515,0.77122833441704175,0.57829615613149998
56.386919422648987,0.63957356381464958,-1.2078695470020018
56.623785766669087,0.70007182895162889,-0.42363933123818875
56.841584809016176,0.66876950353363607,-0.88265876406897303
56.900226001380972,-0.18991612174708244,1.1103864885366945
56.404930036743401,0.21415882799961897,1.0394182169207844
57.259761970432663,1.0622265222658465,0.2086180698923909
57.581594783366604,0.092192198929229946,1.3874481754388055
57.150951339591245,-0.080256634165895291,-0.86130536597107121
57.269659315198275,-0.23047426543908278,-1.1117995985666995
56.092231492327286,-1.1365925178645369,-0.50404864701883467
56.595258091268356,0.72994705007389737,0.95057139031010507
57.069999197379914,0.87381089224317987,-0.84825857287048934
57.718021810748844,0.23439222600600065,-0.71235172962513404
56.514813934119985,0.48676802688510173,0.85540019793112476
57.448523321382247,0.88280967079418216,-0.032318296432306014
57.296001802400866,0.30410635232514371,-1.836242277084561
57.577227024894306,-0.29616250736942035,1.302141626299399
56.736977095580691,-1.1067875038936583,-0.030402103311727342
57.835056725916182,-0.71235768166390645,-1.1238948211772843
56.769052444512788,0.66581359903049508,-1.0072765583581429
56.357638793839705,-1.09422118439779,-0.10363868500336935
57.090008163326523,0.31247958323103575,-0.86533980288547108
57.060919368964868,0.45593869971010159,-1.1047912042133463
56.798596317388487,-1.2747515231286435,0.88027838928190572
56.981232087008365,1.0800654027711389,0.68700259641821348
57.436060202579057,0.79208017875763037,-0.68138353859060763
56.903479204743995,0.82579875115692736,-0.46604337025580744
56.474355195709435,0.13019268430256464,1.2288158826474103
56.348155828754358,-1.1537948549975705,-3.2870614980473492
57.634877235816937,0.40967656194684648,1.3193483088919538
56.714945257111609,0.29146641075717233,-1.1743111830686221
57.05017078812655,0.63344157826013048,0.77526309356997292
57.012017893629533,-0.88572058955859745,-0.90254546175168993
57.108560684322782,0.0059376216483250435,0.78638421119425106
56.119251644373321,0.3444867419606692,-1.0164883610497
56.623846116385835,-0.68341599224556882,-0.10327509328044546
56.706415797967679,-0.6300784775301711,1.1023873562203725
56.516099814081983,-1.551866962713881,0.12127042171646568
56.11638085315878,0.25665984913387763,1.7716304810944141
56.897312764831788,0.14161338324029005,-1.8813994783471779
57.341288376991614,0.14253396427195225,-1.1962791407063327
57.297381195382194,-0.20125234947341314,-0.69275147245313007
56.077676266155812,0.2526675062540148,0.73406114659564181
57.090626196381649,-0.22485124519564426,-0.79500569862162962
56.786369780076782,-0.61057068753760435,-0.56636593358770049
56.394423257625959,-0.84782119992327165,0.42794935663589434
57.648156079059149,0.30706274742445827,-0.91879483924698091
57.069769866260266,1.1694944895484189,-0.39152085260976355
56.323688636534065,0.79006783081691101,0.8504378048223038
56.442535475334033,0.83840528810596848,0.7705509208337652
56.696638143875951,-0.44900155494411592,-0.81640548303994454
56.196694116150702,-0.27759798455237966,1.0536988471558153
56.548256523943103,0.92290705269293116,-0.48923202181898356
56.86549819070018,-0.28758531425644662,1.0882276008459713
55.77904427733241,0.60006962533603692,-0.36998967175838399
55.812687836036147,1.2320747630416173,0.06994781809289638
56.759114184260994,-0.47510886036522032,0.74568669978556246
57.535853889784541,-1.2603296996098405,1.1823326690072042
56.868385995517087,1.6335019848740164,0.37644081075824398
56.789958453068877,0.57099986080097043,1.3852967528391813
56.623933094968784,-1.2429315501108822,0.61587150508300037
56.079794036598301,1.0889367140090331,-0.90008545118543015
56.006093627799096,0.91963543653566249,0.89537789786443966
57.004275150576042,0.38631831212618062,-1.0162106892322351
56.423314676867655,-0.63391227304760034,0.36604011741094111
57.592198574385343,0.58891563770271371,1.0126878645197013
57.221264278956369,1.356093498348989,-0.45526931631240425
56.990809037324645,0.42567530250749713,1.0683439006052067
57.717898616928899,-0.25844477085958217,0.7183547562909377
57.181879323316267,-0.39199504657472289,0.89885219196806809
56.501539551679564,0.43154029740285671,-0.69481923273132362
55.929329541838236,-0.84121497264208744,-0.51883444206794127
56.076517017642573,1.1607280510184177,-1.3525739210739456
57.723670603771602,0.27033993875625151,-1.4742208647394479
56.814328514438571,1.1507461956932072,-0.22208132170047773
57.275686419645425,-0.53719995744087001,-0.19418144504604395
56.37271881647883,-0.9568557660581043,0.19447993866936064
56.442563879681551,1.0895564724853657,0.35913325926880463
46.374339914159066,3.613986235808532,-8.3244873680940827
56.679298955536531,0.59589020958078465,-0.93868324219098809
57.027669035812892,-0.326911645971043,1.2824739399366931
56.999512658456737,-1.4929300151774831,-2.0719155098848065
56.868586926837907,0.74238928304542107,-1.3362493872270713
56.460196850933755,0.32495003124884669,0.59968444632812279
56.60182392016042,-0.96925738358409996,0.13747655018871174
57.622000946953733,-0.87837884257170518,0.56573095803789142
56.113689793011694,-1.0540541805733701,0.10853178460934798
57.210683296081484,0.5946264343569907,0.63533913650749263
56.483028685406765,-0.77396585698000564,-0.55964963874714524
56.670097653644262,0.89540576107209779,-0.60446773655451946
57.470113673930364,0.5059590870572096,0.87664570932470465
56.824516718522723,1.2980697634189131,-0.060425619584110087
56.785436494407193,-1.0706777506459351,-0.50470123039067483
57.4269868799054,0.25865866823883538,1.1209168581856805
57.327942831248095,-0.28327407010526334,1.0004964448981304
57.053676740185395,-0.397083534671758,1.2051364070861648
56.685227653377574,0.48418727373651715,-0.80222999695319519
56.295493874503407,0.77214141196328123,0.67661769378201986
56.810380786383313,-0.83094283982770467,-0.58112864887205518
54.573847000643035,5.7691319900721973,4.6985902528743457
57.028408960094112,0.94189743905048373,-0.82737333690836257
56.059504124040714,-0.17113579442482005,-0.95478163254855242
57.57711895608125,-0.5083305932046982,-1.6433590997705159
57.691091314102401,0.27226223545354078,1.0273115538906161
57.570043464025069,-0.85112212831492384,0.8466536688346642
56.10578489397048,0.35298023759669994,-0.41705195233277909
57.046452339874683,-0.11422436520792571,-0.52300598602980963
55.738043913751071,1.1961220541635773,0.31389252549778601
57.522501634993553,0.69682201537997246,0.82665588183724859
56.209222560630543,-0.21139990489960309,0.59100646532019185
57.536716040015662,0.94587748325363608,0.054280560702518202
55.809651493705033,2.0933877720380334,0.80852174417689093
56.905387543866738,-1.6261550614068776,0.089037394010278131
57.174641426430547,-0.86447862466061209,-0.63642814693659111
57.724101147872439,0.10010582037081919,1.3363334911952376
56.576968736174031,-1.4869255312548562,0.22201630926068089
56.551437811002025,-1.30835532468822,0.87403259071792982
56.016402602461341,0.93519530186997879,0.70867494751820093
56.174707898527885,0.72596626088085203,0.97141904051232109
57.499760050516173,-0.94476101533211809,0.73753207386112585
56.945314613483418,-0.69755124847357186,0.33960282519982343
56.780216772573034,-0.049432844826985685,1.5778123039428886
57.196069980727337,0.44345099746940492,-0.87906045217588902
57.735204578715731,-1.0044980991308374,0.54483390646601115
56.649864129328847,-0.021442299246567379,1.4260270178851258
56.584529969828459,0.88862749991852974,0.74124159904492948
56.431716259567082,-0.53019058946310405,1.0386828405913655
57.725656874247832,1.3424748697698572,0.060992267510417239
55.909641355055321,0.6752680822066639,0.90129167728177073
55.836694344679721,0.51543815833647189,-1.2685145804517948
57.68615846112538,0.60004592573074378,0.46062572844323568
56.273132247148467,0.41580581541499995,1.012089110137643
57.372993097896639,0.41536763705886587,1.4968014256323399
57.406797555353741,-0.81477658468355629,0.80629799594961582
56.12498697695284,-0.93457284438608645,-0.50341995755963398
57.097006483724364,0.87384901744847843,0.44066318543803357
55.971742934230846,-0.22120850580893972,-0.31974730204978874
57.174689058424107,0.57882516063411948,-0.89240261112514452
56.650204523673793,-0.57132558901504193,0.71915184884836869
57.788092170298945,-1.3158896338039865,0.65541901009869108
57.753478304534895,0.32511740024732849,0.74731764553230418
57.110148017641698,-0.35295721785724649,-1.3307624433680862
56.787269420404392,0.93467635299342078,0.29800610229418401
56.117718253612338,-1.0093019489350854,0.093001500696725178
56.085894375389209,-1.2043416294758731,-0.48998598462506271
56.953324244870124,-0.65545242928795766,0.010638439470144147
57.548437034193512,-1.0783669077019968,-0.32739687967855419
56.652661434224129,0.72057422131126914,0.38269880841118964
57.580873720008725,0.56877698797122522,0.83490455728944346
56.213976174037228,-1.1724159251346058,0.45093147023336388
56.41500644620686,0.70196546093952172,-0.03849604448820694
57.85870007663538,0.72902815223923012,-0.72998335568239936
56.209938080509744,0.03632273714312631,-1.5080003069833279
57.141517106270761,-0.8942419406293487,1.2069340055661935
56.747978836340273,0.57469278501856469,0.21179265561943497
57.550146843093593,-0.67944228878212276,0.75760331111077561
57.467302820625029,0.91996999325241535,0.64496540683285219
56.515814998350443,0.082179775705817526,-0.53887643196100254
57.227396937117902,0.94105020049273747,-0.72616178266945364
57.615001946250764,0.1421991446598774,-1.2523867498172612
56.774674592548749,-0.04386531079405806,-0.72192322000773657
56.231484289278185,-0.50701451098625439,1.1130711848357939
56.102633634506098,0.49761375604953934,1.0792133304016169
56.942293192181666,-0.046936435376997876,-1.0407045338449774
56.392557061027603,2.3071822312023351,-0.55281437533103139
56.010542342120374,1.1563700190481376,-0.26081378846754233
56.173342168730194,0.35252978410891145,0.95423577713478724
57.613377218076586,0.59672429672520977,-0.93256609893960862
57.082974747431862,0.20170375173981275,1.1339073924173484
56.533235010291207,1.0134340807004756,-0.48940283648178695
57.267314587828302,-0.20893269274912346,-0.19198437089992537
57.713547013394383,-0.22771931649166946,1.1894212892782958
57.524698946777256,-1.0853754181817163,-0.12324669950264625
56.201850823976386,0.83627710402851174,-0.89029817180119908
57.370847389288478,-0.16922234120030602,0.75681761308594842
57.690825483781367,-1.3041690834117852,-0.054744297660726832
57.591653422961016,0.68116717625552914,1.0509469988784281
57.559140141210655,0.1448645025023414,0.68312734905568895
56.992368805791045,-0.81327493260532546,0.556552186707302
56.579116818688497,-0.75335300090893609,0.54740996839206535
57.630066130555711,-0.33920435355796941,0.90939918276310638
56.314087947039845,-1.1686385537226296,0.58647161012117388
57.320746445392672,-1.1014785772185283,-0.67304624403450108
57.789466418535866,1.0677471089671635,0.46532656485160645
56.48651026929317,-0.70702089278747804,-0.72888667824159803
56.453785397192775,1.3163471257846613,-0.74729130222121687
56.503059660578124,0.2626185782879128,0.67016401425806837
56.34503367484357,0.024860307802779681,0.83940509579341849
56.533673627428136,-1.2167975780828311,-0.32349286645967573
56.133908924432994,-0.37952713433956031,-1.5095995872049501
56.663284635206466,0.85576874127480351,-0.45308773527570989
57.04405637774645,0.31574968255570135,1.0130176159300517
56.95130664791688,-0.78029398173432274,-0.32450540821588914
57.049907320154851,0.072644775625152119,-0.9648338801728028
56.116525458817804,-1.06216601402271,0.45734007066156868
55.904885881049466,0.50238983062568987,-0.97040515807983085
56.956529520796622,0.21530254127888437,-0.87176437911594007
57.465989669551192,1.0828953392566756,-0.30628335932552991
57.580615234287414,0.010617968601915316,1.1407201008774692
56.546950077223059,-0.8604284109401299,0.26909085944996164
56.12796649358814,0.92314235247078391,-0.2073544451727643
55.963523875335696,0.53032759087910053,0.52753533544172793
56.362682039495716,-0.43520678486952552,-0.74056488147316479
56.393162372946563,-0.063168369965390436,-0.93928878174985897
56.758469759110731,1.2697474868447911,-1.1401286047712043
57.827688124454909,-0.51198658253952667,-1.023897460190387
56.051565649948273,-0.32580438119206512,-1.1577734980010799
56.836703085917158,-0.55713952879716799,-0.17515762862257575
56.021785976567841,0.00018149105709945127,1.2059937795711486
56.288728313386358,0.24870562543106142,0.99194172316905072
55.972003735284389,0.46492637555182614,-1.0891538759835795
56.55966669051891,0.79857988444978323,1.2379681812398307
57.244962768716881,-1.2577482990239293,-0.45022999235251082
57.029802515307459,-0.87000622103377745,0.31688007545654184
57.730268147408367,0.9491552284600957,-0.56066167408395462
57.262329979549506,-0.74765114239343933,0.5528061337256156
57.453553573124353,-0.23519096526893268,1.1419593539148813
57.728599731539028,0.77916932001257744,0.54606120768181621
57.322547579904075,0.087733328703418823,-0.45281170600717568
56.546208099560019,1.0387006462627166,-0.10472129285006042
56.458154167849479,1.0634287270721587,0.38008267197415918
56.124050616308431,-0.13863678311070649,-1.1721928381420601
57.612439628835752,-0.97243884082977217,-0.2008299597683777
57.327638355282772,0.5859764410001993,-1.0156873744914818
56.040371210271999,-0.53043512762932776,-1.0759690220612164
57.552947410640996,0.11474605380963356,-1.4550733146849899
55.823528229445188,1.2519202031992069,-0.49210647842984906
56.188171629501305,0.48500801811775052,-0.28872796376968785
57.108750905632952,0.98075832405336638,-0.30075181918952792
56.759115875751768,-0.57293511387463092,-0.55386205801955257
56.250740573221989,0.63499788219131947,-0.46962641299850721
56.818293698011274,-0.76920597008879321,0.50074573396081123
57.271557874348019,0.65390516343343985,-1.2960589091461148
56.272477585434167,0.016698485944673883,-1.1415715629864274
57.523859159434224,0.065698805393771251,0.92202623110429782
57.306079368786797,0.41991063910079202,-0.89529830578797953
56.737886506090149,0.24750812993684562,1.0075961554946318
56.221796197096545,-1.1696628092381052,-0.71595414467825491
56.307897184031852,0.25542689087897652,-0.91110186983430563
57.854884746023821,-0.19916669103255094,1.1307244495332029
56.13068876515851,1.0509385707235954,0.040805588795695395
56.841950750095982,-0.55574531557792273,1.0876731309000571
56.995686373284379,-0.7947057155082875,-0.66755837073495861
55.753942480436159,-0.60283420183373093,0.18599045391720995
57.683025931176623,-0.095454805983900229,0.67884443569079522
57.41107528385426,0.2011938276105763,-0.77471949141294638
57.122765094992417,-1.1090497019960319,0.37057191729693217
56.74021319331176,1.2145966786333489,0.16877360620225745
56.545855682772761,0.8511790445808799,0.6937262786654228
55.934643130128833,-0.94379593058219957,0.80178178859664639
57.27002700154415,1.6284618178907735,-0.45127260018125881
57.613812271385548,1.0967929965773762,0.8764335122198158
55.969933235708126,-0.23551259523051368,-0.7908776157205859
56.771411284905597,-0.3837813274634499,1.1333656968250492
56.243095575878584,0.045065364916781363,1.3333886321231041
56.394199293617632,-0.73323817635622512,-0.25583592471766925
57.546159571176702,-0.75872911931297782,1.0525613601506674
56.649198864464296,-0.5128822256937362,0.64000101410310228
57.034198320661424,-0.90658743454658275,0.10040079237783195
57.010715219343886,1.0869192827829908,-0.62564756436237279
57.367270896017359,0.55318224144305861,0.54775367926913376
57.837988971653488,0.84804868849825654,-0.064305611614205782
56.431359830344441,-0.071185115787495756,0.96857164351003588
57.659158702833004,0.83089837613312312,0.8925316558827362
56.840441398165709,0.95868913094223651,0.38174166802544013
57.686245028439039,-0.7587050848330299,0.0057738868129955769
56.797263604972287,0.99412846316552739,-0.77539594926148114
56.273945935095178,-0.13605145240276831,0.57431207040242382
56.911899822392755,-0.013629755183884658,1.1926849931967445
56.800669958254446,0.33585409350647238,-0.73526558946944842
57.310950586779974,0.4714764894711666,0.98091959788600713
57.748318128224817,0.67771851845659348,-0.63388795158763256
57.016424706063738,-0.5328536325384412,1.0073440722266356
57.104207157265868,1.3271881975270021,0.22294132594281854
57.304191621135061,0.51095267769702357,1.0218610928009901
56.877678062341843,1.0754415628455565,0.73707470326363278
57.069755254400661,0.83329360456719859,0.72208924994082146
57.365565599686441,1.3269901902752248,-0.054312948244499233
56.918386457884459,-0.25462609149499094,-0.91451297468590742
57.131489959642629,-0.97222579140175724,-0.28830374391092162
56.272411054653134,1.3800865751215274,0.18301426116957098
57.417229914744226,0.76541247401763846,0.2328129120366593
57.497213553071994,0.2037182350573721,-0.97264690010429578
57.007465721071071,0.69777047408931525,-0.57970952811817977
56.490474336722826,-0.65363593803934328,-0.28688588977553864
56.200522975708026,0.29519747435518134,1.0308365008363112
57.105972265568937,0.7203338380987121,0.72532871525910814
57.244196796484502,0.57388328807880429,-0.57336170019125865
57.160355686837299,-1.3318998674975076,0.29224231698657971
56.098890990452929,0.64165756472325797,1.0698051341774877
57.575220032365792,0.11108088411871152,1.1236166583148108
56.414546557302977,-0.96866609995582709,0.87447790996032349
56.226216648834829,-0.0094522230046618829,-0.92393798760501333
56.800354122279117,0.72201983354586929,-0.37478793512844816
56.168729474776477,0.36947164000954003,0.98715137658251584
57.454149655776092,1.3496075212514049,-0.14893660563933547
57.377180427688359,1.0385790467328611,0.32261845683189433
56.772747601573229,0.71119064629704776,1.3679229596170157
55.960425636065736,-1.2021963453783953,2.7167955754994422
57.608827396991977,-1.291939688074895,-0.30394781473658561
56.948828559256775,-0.69954927056750793,-0.5154784649004317
56.410540126454613,-1.2773335817352203,0.21168177502874508
57.716716299827162,-0.72088076243966981,0.19483643256753147
56.32538363592348,-0.89888308510192849,0.73358431483012798
57.419904908970743,0.67838781933570369,-1.0308266609068384
57.062139334758555,0.41546055335320053,0.73665642460133229
57.366984449497643,-0.96164991224445062,0.25886394454292627
57.644746930523183,0.44122589933629769,-0.93229993070674899
56.316653554424647,0.94453929287649019,0.7341823354773489
57.992207669926792,-0.73138760172154604,-1.0659370109661954
55.948500141515765,0.48412703696450976,-0.80580056761574803
56.351020752249852,-0.48311138050773289,0.038972620293014321
56.264909164341539,0.88050422085012336,-0.1772690802987201
55.992311607059399,-1.5592323866787805,-0.21603182776053151
56.243059557759409,-1.0522907608506928,-0.9915521149851293
56.871428603728177,0.46571750510847737,-1.0367775459759851
56.433185397544378,0.98251207352108638,-1.0699235641009075
57.114818623460657,-0.55701866901987851,-0.90333409205663218
57.372034931812216,0.31766908168981578,-0.74717794515365243
57.24273816361638,0.92500080466729284,-0.60707402767927654
57.393170152377181,0.46686132266424352,0.94847185958052382
57.045538904100191,-0.28762894672780026,-0.99862790861048956
56.68708277207265,-0.31900158709919296,-2.029635122703441
56.266019055013608,0.33020413083416406,0.62159706637746892
57.493468964942331,-1.0818851369148277,-0.89814568947725693
57.239155767673068,0.47232818197672477,-0.024613183386992556
56.145755216190274,0.033530297351151005,-1.0610001788777934
56.76124820781871,1.6425688574392909,0.74132882910589659
56.069130302094301,-0.5439434609340873,-1.3082416219441233
57.01866925727996,0.019239242348071336,1.3157911546605141
57.041010810347821,0.5548136897226138,-0.80678679509529982
56.961100000626892,-0.84850106452998431,-0.67389205446817158
56.748265120202994,0.89833821074296671,-0.65606601558647759
57.582985265768791,0.43291928464451918,-1.0257771783273864
56.660585272196776,1.3134050722426063,0.068619658333009301
55.961306221494226,-0.93352195497012203,0.33318163174994625
57.438942619545152,-1.2085605652013962,-0.035910000129809092
57.345454890948524,-0.024030156628686249,-0.84375470967005772
57.239447860847186,1.4123399811911839,0.58948027114425161
57.703280704039578,0.8369179911434832,0.98476617052178905
57.709261886008363,0.88535500669456013,-0.033361169946142764
56.113698901693454,-0.96571092092434885,-0.45182667198377391
55.943387268947433,1.2173606357815492,0.66475041908440557
57.78217604830327,0.13478013705095079,1.4715459180404045
57.326741725028263,0.45409271403658963,-1.0384686881873777
57.407228121652686,-0.13430194857692535,-0.35451540992355712
57.543494782076849,0.93218866836182024,0.71686972110829972
56.758403064411745,0.78581332810394056,-0.56972196876653747
57.038333280005212,-0.70451404008384322,-0.18963727995435917
56.099926007439379,-1.2025865096229456,0.17165208195339735
57.587761612784448,0.44126552828287618,0.58378924779647734
56.498525181554605,0.97274130341679776,0.62984354867615455
57.004094022009014,0.84696547586156012,0.64438103707217242
56.197533246833707,0.93334674954229424,-0.26641980403225268
56.500282745053461,1.4200160358890097,-0.027454315947702819
56.568615475866025,-0.49022471825458874,-1.6890817482471792
56.170308420009434,1.1565782481370905,-0.35048868434344999
56.062870096827979,0.082617802313180055,0.95091010857642144
57.21126775909471,1.0434523372519282,0.3297829047739303
57.684010278411499,-0.99515656013063503,-0.82347060491270208
56.853094318286281,-0.35377853496549777,-1.0864800414446836
56.763506129989814,-0.7651701744061784,-0.83803800669270845
57.695091351642432,-0.020861174066220893,1.323995577474278
56.039836887680373,1.2768033856641603,0.78402833545975636
57.17985558420375,0.84376078492283935,0.6902525909995807
56.275505194227279,0.30975501976056485,0.69502756564327761
57.018612637193215,0.77363139169626505,0.39101993813465946
55.985536755743425,0.43029808428423855,0.97176229182566431
57.063257417674237,-0.12754232360178169,0.24041511822470849
57.729990885639403,0.73900168602758565,0.46318426999032203
56.385152571168412,-0.8104146162328304,-1.1941937885643874
57.043280236652699,-0.71913018857790134,-0.40451164982932492
56.895858308082758,1.0054351473722307,0.99483142255616874
56.000854402159682,-0.0029184290454556425,-1.0197567014091748
57.397189380526079,-0.14500967744674112,1.1121395050185279
56.190106200703774,-0.67844427197561352,-0.089169710878709563
56.928612219114875,-0.66519064766331437,-0.0090239151827830322
56.506352672637149,0.36490262083435232,-1.105554458776304
56.780288233046477,-1.1868604753511034,-0.37173853688336678
56.824660493096601,-0.59926938644703198,1.0104660176689122
57.814013861615415,-0.53437783026832364,1.1634816846340319
56.889292452999122,-0.2771690319847141,0.85444512982788634
56.574635614376405,-0.85281577545305476,-1.2784444049469901
57.625229710501031,-0.22942302632933168,0.91374993397404891
56.945051577385982,0.43593487107994588,1.1986485161182687
56.664741407737196,-0.80080259041462021,-0.51339709047457782
57.029652261937876,0.8980183067924149,0.60023343736209045
57.177585781419118,0.89877923434892781,-0.13367648669244497
57.784404574370299,0.42296032640843162,1.6878018293994961
56.893685634621455,-0.12860221713718709,1.1264870210248705
56.571496890091289,1.0558395425031069,-0.58788365633007789
57.315123577759117,0.75507435364570574,-0.11849865399945109
56.463290394410016,0.075662262480898274,-1.2086318743327045
56.824902575098662,-1.6906810619035761,-0.21141860890692879
57.1090645833279,-0.65178515064628728,-0.52410683820731396
57.151221416039633,-1.6205811918807078,0.03598754841720115
57.836110192311153,-0.99136438916628666,-0.14116685420690767
57.818839542993665,-0.91192084565411324,0.1444362354776651
57.497501954913567,0.93380997422559908,-0.70393204827925138
56.19300849731939,0.22233024858565684,1.239336309399206
56.340435708078928,0.43786958156252587,1.3779101654517467
56.450478705291559,0.23625650940376644,-0.62739165069487735
57.515750240843801,-1.0333158319395439,0.24928468186466121
56.358389731438528,0.52086563173791656,-0.39503810529118072
56.122768315840176,0.58397589429729513,-1.0248946569950068
56.329756453698771,0.78296128201895854,-0.89584592971731258
57.289137804994404,-0.77456614084745423,0.096562274646657981
56.028212872280058,-0.5816157587850469,-0.92093125271213205
57.241851757900271,-0.27463238525827632,0.78846126445501952
57.003464530612696,-0.032230112176058277,-1.0249530820599522
57.687668368465005,-0.18625356750835773,-0.79634422100652924
57.180709890379326,-0.17130443955279942,-0.69376947271503209
56.219309675314868,-0.075492692202942219,-0.79051839138632984
57.752521859165562,-0.43848738895332606,-0.78031810920424716
57.205438048340874,-1.2864256898633697,1.0087207349695879
57.669937353570468,0.95101589645575757,-0.083674495427260395
57.124456023650623,1.0897005860785667,-1.1857673895222489
57.087105369660037,1.4687882636670067,0.61372258161521975
56.682177364687739,-1.5147433179024981,-0.81899174079903214
56.536610805131112,-0.14909519947131261,0.86094449817088148
56.510842669425749,-0.75414664334574422,-0.21986953649665375
57.116437950182032,-0.38886110177170302,0.56541526112418761
57.412273221852175,0.64902650799820638,0.77847748972429853
57.587187051759493,-0.97672795033423077,0.18015341069595583
56.926630373622316,0.8019899254699091,-0.38758513912297926
57.304610547711953,0.92271050082903727,-0.50956880219816225
57.798227012558812,0.92443992402192865,-0.43630728671189722
57.446742477033119,-0.0074052032396960191,0.63181748623400513
56.863353672683395,-0.077393275326978969,1.0263984903800176
56.968166024155259,0.084524290660192347,0.8393525237934425
57.015118931642178,1.1011185835417148,-0.16834515800603109
57.006086947283208,1.0517905566191912,-0.31281886065165171
57.686325794342629,-0.82046757888543276,-0.81005847870012015
56.768970593293105,-0.38631007499691611,-1.0233977518432402
56.875584999683085,-0.073607054685281087,-1.125383894657016
55.921224214798656,-0.55592143530580596,-0.78419144540382879
56.120506014811689,1.0790621641373619,-1.2408065258017262
57.455446275521403,-0.5994287486431441,-0.71588035408203698
57.6559150293307,-0.075965488081033233,-0.78208400544871481
56.533462127892655,0.94748958209816148,0.73736292616328147
56.432037099186999,-0.41317014643050815,0.38690899526951744
56.184358722306897,1.0088180530529323,-0.020237698029280941
56.44781460940095,-0.93392204305618087,-0.29809592085470871
56.576709340374499,1.2288615104929159,-0.77116929091840525
56.106589805214064,-1.3084607264133359,0.1651986669510081
56.566273235986948,-0.61725115080892934,0.059131491130920151
57.555590787327226,0.84382478836330777,0.22452249115541245
56.621331531347977,-1.7514944733505027,0.11732381597792547
57.331379899303876,0.97460514276611898,-0.90533275255481704
56.967818440039764,-1.3031767066218938,0.24151990993573733
57.749570204256109,0.54528199721976089,-0.719136066374373
56.967791575868382,0.98207538778768355,-0.1886694618742252
57.547545336179823,0.67197733009465033,1.2838495368427185
57.591831661129994,0.95636455791666053,0.38312282028874078
56.280922900951687,0.86156106084680539,1.0146543696933612
57.519580463817363,-0.28944973310733896,0.76644322260153008
55.948215478227439,-0.19854819359969098,-0.40120052128831274
55.999675823302297,0.71313925355881103,-0.97847717549271729
56.961901854641475,-0.78627924867020371,-0.36132815207201358
57.130736414552679,0.14255381377921045,-0.91584527409928995
56.75665772038402,-1.2866274731246827,-0.82687161828161038
56.84557914748455,0.79083509480620551,0.92196676551276469
57.608638405228049,0.10537499967012369,-1.0169370819862649
57.072235924609075,-0.22700584254755693,-0.84992139117391674
56.170112707339356,0.63437986568683757,-0.44260269089026466
57.082007673966146,0.97468607927753736,0.65151395722786976
57.158637495518079,1.1198515136814751,0.68690962313458759
57.04781062243125,1.0778585653720645,-0.22201313429042216
56.024982640532897,0.66591090387978302,-0.39005632256113942
56.535239452944424,1.2126875662069263,0.7769176557903148
57.852546406794076,-0.8833917163459386,-0.022487843500347066
56.864627756376535,0.94949071521764006,0.49738329785283686
55.869846527195243,0.081439144056427396,1.3704436873912917
56.018904423616952,0.49505116909061542,1.1155926119458264
57.455714974788521,-0.58359674257638638,-0.79528080197189177
56.781456423112544,-1.2126618418294348,-0.76076665789077325
56.70440342612401,0.74292789005408988,0.13331454567218481
56.263453926836476,-1.7794395073411424,0.0071395743792537422
57.170227629661511,-0.37273826821735329,1.2542742007977048
56.749072029218908,1.6944814989648189,0.16273869626952847
56.57042283637864,0.3042724582415724,0.62161914598940959
56.287503030053514,-0.010787240708969944,-1.2850627221871722
57.101911767714149,-0.81810321848513246,-0.18995915690062998
56.886770292251811,0.78977579811217602,0.82931910209274173
56.268011231621962,0.068536269314832698,-1.247233945227481
56.832377132220422,0.94144808336519792,0.5520699838262042
56.98042404698527,-0.015793642991171218,-1.2559695306540364
57.477260424300631,0.92819585421182127,-0.55143586719509741
57.150214299882627,0.88447242950629523,-0.41969580749163371
56.456456801493722,0.85689707613346955,-0.68070479494751734
57.480813279053201,-0.85394888800519075,-0.21079452196053231
56.85033464015136,0.69606297503741743,0.33554872988757778
56.028620757892789,1.2131600582062458,0.13913802387382412
57.201548850474893,1.1554135307280673,0.30772252619384438
56.327338801051724,-0.59107111358953546,-1.270065843580392
57.202898008646322,0.1896760543184447,0.51135237626999364
56.813467798246549,-1.1476212479711392,-0.19744736858225334
57.299044342120538,0.45472645702461567,-0.13383659693593966
57.714367936303653,1.0362977006868999,-0.20144253353090324
56.25136471501564,0.79374920871889976,-1.0238966013113151
56.384380614520808,0.68104762223355764,1.0376702295199598
57.694933277915418,0.94821194403674125,-0.38090402042034405
56.932619256280063,-0.544902722528398,-0.54136382953565854
56.765873976599991,1.0254190015816527,0.15624547861672081
56.536861928415789,-0.07678814325197221,-0.53974717027081787
56.243290403439076,-0.86157197362716609,-0.7949776614470313
56.936860712195852,-0.057533754048939713,-1.3855356360097142
56.763733009670815,0.49394705331408112,1.2625896641276548
56.318273915944168,-0.73498952739646817,0.97504476364807224
56.564553649941942,0.80678939702482222,-0.057273188918523114
56.101438901352751,-0.53516070411220529,0.27133848802093796
56.622841033055991,-0.85187543914864827,0.56966363512851037
57.427776838357779,-0.42898953892422942,0.68804388986872433
56.655854196610498,0.20827947277822273,0.85565400879857356
56.470861276057754,-0.95766866807234197,-0.25108610045753443
57.752835229785546,0.48309625061236111,-1.0293342974872781
57.550412828821976,0.68995607508960832,0.35128047356533904
56.415197051837843,-0.92936932710387499,0.49484299186297559
57.023195541064958,0.6517762618126185,-0.93064110638581887
57.06246687727397,-0.79897442411653452,-0.53262031548287048
56.69605510644007,-0.24280424298785791,-0.82852902202849565
56.664549709340839,-0.36956143192795909,-0.99530365452227931
55.859917791279841,-4.2024044550475059,0.015460424686774476
57.364130260742805,0.78299380458097623,0.94513028864193338
56.698413404302876,-0.44604257891167415,-1.3140197040773902
55.909853527167812,-0.013315980438993938,0.9570422537234532
57.363234160039731,-0.6039540554816818,0.68058271773083356
57.677950414984089,0.29030265493233298,1.1765534697594799
57.646387880579006,0.91075077112335978,-0.27403325955579777
56.770563202563785,0.58236303261467592,0.50924767077010891
56.411008245161078,-0.43862422588993238,0.77636654042214936
57.519360457436555,0.6798463134887911,-0.74930123035491136
57.581356934172511,-0.2339934658896064,1.2067138987644845
57.668764971834513,1.2005219160091682,0.99341674857693418
55.988826661260397,-1.100903761510384,-0.11436759584184723
57.025942545394528,0.98548602915778449,-0.47522728235490436
57.370476744484577,0.46165399543850544,-1.2020838240042302
57.775739990694994,1.278451328058785,-0.65140487472268616
57.292765141996504,0.045593687912393328,-1.4966009368967046
56.011204420851691,-0.79089533131985457,0.84121980733113477
56.483647547325837,-0.83894721168931552,-0.90233490857852139
56.082462813498253,-0.53249744562657864,0.75663630410617655
57.066567035967111,-0.7842448255304505,0.80005474389501718
57.065028339329594,-0.29510999393989451,-1.2520641708367393
57.40453539812794,0.038677077310437784,-0.57928543577130143
56.198164234553616,-1.4329563704920338,0.38001244261899497
57.149381607653957,0.74681958387693137,0.31458598507552771
56.438872190825442,-0.54510891511815229,-0.97725138482789387
56.41081363038915,1.3038152654469746,-0.15543391732199605
57.634965146247545,-0.69196230964675509,1.0679170049664357
57.32697439266591,0.18153579794316332,-1.2812602128753137
56.01030461447359,0.21611740168673743,-0.80104147136771187
55.955270623256581,0.79694468537857577,-0.74968719955601137
56.503238563680831,-1.1070147022716461,0.1967560797136437
56.426085972529869,-0.85898428379376301,-0.7370728716040752
56.84398798720089,0.79159203660121658,-0.015080782998079379
57.434106160662978,-0.75303312446621318,-0.32178201807852042
57.46484947608802,-0.95022779806371471,0.32498315035662312
56.296065858687967,-0.50795485223115799,0.7434169747472591
56.07027512564401,-0.61143228226399937,-1.2229348241401752
56.327661278272231,0.54356477097339517,-0.88256054531509343
57.052976427102195,-0.97801047783928197,-0.57592879983828793
56.41570599543796,-0.20622528471942472,-0.62686280858137644
57.555870764151543,-0.064046372974147295,1.257328076396651
56.238577965874981,-0.40788420807888182,-1.3203945472542613
56.964914702717877,-0.33725398749991625,1.0265184467720505
56.896765177693723,0.50207885016676868,-0.78460186203945304
56.544471167655885,-0.036349099986925273,-0.25581579612807803
56.122209572770466,0.66649449549219975,-0.80521646844468131
56.05465167766183,0.94216805521733338,0.060662310304125298
57.03510169840937,0.34616650772605123,1.2656864889395725
56.270464035131596,-0.43693203630817673,0.50094442338533929
56.494931821256522,-0.52509962791171727,-0.8279563403064657
56.338795208618571,-1.3388264785769626,0.42422381816749749
57.17921047654356,-1.0916188290538751,0.45249303414418662
57.422319088488948,0.020683598550088837,1.3188137098302177
57.486793651104946,-0.96677095075814212,-0.041447794057147498
57.592516802667539,1.3665283100917958,-0.28939342464518858
57.690653078079855,-0.97181135464981949,-0.7437184553665166
56.75321371035426,0.027825692709899673,1.2780009470392444
56.401418449235678,0.13916310312151733,-0.94907945913787883
56.746033945793627,-0.32457342284142471,0.89953951789447617
57.078344231467291,0.17651331625378849,-1.5243554569270248
57.671654295823458,0.88079846784054161,-0.72988723040620218
56.455832326726899,1.4217998119862925,-0.0038575383138536716
57.848694193710756,-0.23628788101629403,-0.87671610569659664
56.039149405387185,-0.90186168377174092,0.027672968636449542
57.582508923211847,0.44530246874641682,-0.86422033590125524
56.255555614726582,-0.30200047699922838,0.90358307989365738
56.759626376950379,0.9922160015026662,0.83483974163738961
57.490183327692733,-0.37532194905689209,0.58367241239493306
56.693137053274789,-0.81840746048679902,0.49394519498243644
56.969492774410057,0.96911657097245008,0.81227250764549819
56.034734679200398,-0.85919301028557904,1.2202867259820589
56.013708321689251,-0.15980168073267642,1.0214232706295314
56.25732061182029,0.50820374085498443,0.93639487254837628
56.403807193775201,-0.77878311702310998,-0.085281211198017917
56.709479695744612,-0.78873703486178381,-0.022312445014599641
56.419178782743913,-0.32841043763946126,-0.92505254320524655
57.475458938456768,0.29560549657450697,-0.97167838654334604
57.002016826211829,-0.51232509373811497,-0.55907125004296421
56.853813529197822,-0.66149859119943699,0.42120740967637077
57.169503390746641,-0.6915371490463742,-0.28172492407260868
56.373112865353995,1.2469013434927017,0.10268919045319917
56.009195529782509,-1.2438884880122847,0.59845524269971984
57.676039641669171,1.2119427415275161,0.16990010269367592
57.73307823227826,-0.0058931823001426931,1.1042601277743249
57.371247979234127,1.2412304815902437,-0.89546920210115177
56.267377405911191,0.0055686883583993376,0.97748608066632958
55.953752454359702,-0.57647693313635717,-0.70860059645724316
57.22276311502177,-1.1720454173344559,1.5941590047131136
56.057693834032143,-0.41641042255448774,-1.0678395987054106
56.470190234173494,1.1783420677488672,0.37288148112404157
57.35577037132736,-0.25728986571490076,0.58372083977798417
56.418549373617672,0.46124428173739374,-0.32801204813956025
55.74026871894916,0.69293448573742655,0.25391676002898156
55.783925895832404,-1.0354489239323448,0.62966549712766851
56.640929005571849,-0.66153473219154735,-0.30154007313713321
56.39698994095415,-0.68668840478483339,0.255218377013608
56.319314032131956,1.3641065842643458,-1.262701384839169
57.762350204643433,-1.0544511736749163,-0.38638149431167318
57.187649303121937,-1.2340695589287256,0.20667957762531644
57.234795755825559,1.084489037561406,0.9442888552036276
57.829519964455109,-0.39988727801444907,0.45279892081763734
56.737793230119728,0.86891510349003076,0.22302921955725699
56.424885927068445,1.0884696086443477,0.25958015602188683
57.150426016219917,-1.0927958689165638,0.18566827192592705
57.717010796402079,1.5226112673435697,-0.26304221602603195
56.171047271281971,0.94270271070615119,-0.73873328952074679
57.387730120450357,0.74314062635494815,-0.92485635818558454
56.75782344381674,-0.64257984711990546,-0.57089651205536185
57.809782347344793,0.60229301743983654,-0.82945997885317135
56.280341697012979,-0.21923253938335149,1.4022159911887178
37.400702636976973,8.2322322713334213,6.3671087173376426
57.743736569550023,1.5348131711450221,1.6000198772805472
57.157146512759894,0.51840261124701681,0.80004382021789255
56.777633197590767,0.37693435846833823,-1.4322300461490425
56.642210552507905,-0.69829675265365654,0.68595327229006542
57.03983231286648,-0.5664751541997024,1.0384341154271821
56.416108602440211,-0.89644927450201872,-0.39216175110406915
57.079068032552783,1.2161180959331639,-0.10053141292941167
57.130730586972682,1.248956252085474,-0.067530197834397357
56.350862582146839,0.73283074929213921,1.037296661126121
56.825918321475484,0.5059279994814152,-1.2040172134318967
56.536771971650424,0.65007890129907886,0.56498184538227825
57.190497778076463,-0.73950174349359354,0.5079430503771154
56.806057111852361,0.63133863514258204,0.89822391970659854
57.074926297102657,1.3381760635094075,0.23098869150851412
56.932067805871469,1.0125190500502881,0.078692896054748579
56.079466878930198,0.25374786513323339,0.81806287645181519
57.338903233118437,-1.2995723913361397,-0.25667632631894227
55.923573804303324,0.97767133308134146,-0.4059043976150748
56.296385850090068,-0.12160397888865344,-1.3317154378836367
57.595850601486852,-1.0569596439067241,-0.20992234848991159
56.631983096289922,0.066159534934434175,1.301951093191976
57.007372921954477,-0.45404474549637469,1.4329086941990046
57.518755130910911,-0.9541607839995504,0.45404301678665698
56.496845494283285,1.1851001498302272,-1.3900211438355441
56.637970426295503,-0.27338451257195906,-1.2717002340856645
56.30747715212955,0.0054399619611706666,-0.64596002031925193
56.210396789696418,-0.13729154475035799,-0.87540275903047671
57.393922598615269,0.5423958532598202,0.79089392169899031
56.596206629004065,-0.70835730681503117,0.61092945398998721
57.048009633690505,-1.1518390818954529,0.62393955455733607
57.665435611177521,0.15625091521234857,-0.78867487973192041
57.6955199074335,-1.0012017000421884,-0.55978352456568314
56.444247649042651,0.85828262272122691,-0.32245480896853779
56.460992248549346,-0.0640276420501108,-1.1367818696588841
56.884087178816955,-0.69539032256755451,0.35373664242611519
57.532254921915467,1.3978956517891339,0.0117094948012255
57.793565812356107,0.5445797981256616,0.32946307043714956
55.880413610671113,1.455306212043928,0.12759030465155327
57.035687985960067,0.2138707431103036,-0.70873664202928432
57.853388086488565,0.82581035093858501,0.53485659899560556
55.98961226905692,0.84174206207911006,-0.6313658826673878
56.048645745425304,-0.69134480801512832,0.73519405319944342
57.217258178996296,-0.42241222723271465,0.50763075265054336
57.625005105701703,-0.68125799856219083,0.089313128554048576
56.562986471847097,-0.84937643810354591,-0.86886068624142609
56.609238977238526,-0.42271574717958166,-1.1933349852679709
57.680597698024471,0.16994312343805557,-0.88155027496520733
56.388981932851586,-0.6475756476423401,-0.014926726873927973
56.757044714011919,0.069623632647683217,1.653355005017181
56.317047345998681,1.1757238412521547,-0.42203422632942816
57.191075260266757,0.7911854129283773,-0.19020633060641251
56.173819345523953,0.046124733052271168,-1.576178606696973
57.248065465951612,0.94450881948978083,0.71223620193072923
56.581328775598131,-1.0519544075421032,0.64474132660925743
57.270809996063456,0.14490037301408357,1.164210366640825
56.208337409763971,-0.45559894239928489,-0.60327350044106098
56.380510128461395,0.3369487393786792,-0.68238996582297429
56.23018479594586,-0.16273405165834093,-1.3960641944802372
57.591742500536135,-0.87940851278983967,-0.49622176567731685
57.138176030993414,-1.1423968321614228,0.13048622648014541
57.409415961808975,0.49531773702973309,-0.82312201132536711
57.784276296689882,0.44904069690906334,-0.8835804215476446
56.465986918402201,0.14354874884959837,-1.2986103880409758
57.143931948591622,0.90447844120637477,-0.4917824627403648
56.269675642102506,-0.8053211829140724,-0.1314091864579654
57.012231805059052,-0.45956646013978369,0.35554858126907474
56.198254496019111,0.17802230391909774,0.85696520106268437
56.082020629759249,-0.60568019476041601,-0.74657084196996604
56.693037538139791,1.4883228563836446,0.81484998940047215
56.010601645196928,-0.42678896911461084,-1.030238016517498
56.940440285859367,-1.3716851057611732,-0.13183955860337029
56.2492332588766,-1.3152738746618595,-0.082435749509963727
57.727782032142763,0.86823306195825689,0.47722862523120063
56.301208820182524,1.0085797486508421,0.58632135323327317
56.856007070577462,0.59884796587336797,-0.63616805453658209
56.623880752144629,-1.0298832982003743,0.087339153338344036
57.337745884478679,0.63106607036130713,0.29179813004016186
56.778245297890514,-0.5631838104781951,-0.64378430183605095
56.224256929592954,-0.42179510850491581,0.98617994907447337
57.609583424198362,-0.6400904187456854,-0.41442651266430125
56.752722441903195,0.8825454365805766,0.21632010514224956
56.394285647645006,1.1661097695614702,0.11396281886626757
56.648119949290816,-0.53363461061346684,-0.98805102804363698
56.050607545685196,-0.72592944343236809,0.37081495007421855
57.137886782319846,-0.36872385155114179,1.2837570937392071
57.425518295362252,0.33135226524202249,0.69734885675296021
56.027957329230581,0.55995730217798223,0.40063135352549001
57.613144405391175,1.2314605653426041,-0.16000111876466463
55.928708583212263,0.1846012211485728,-1.0632691423132925
57.59937244581706,-0.79855895186435821,0.37918041726584722
56.374631072277893,-0.8727608098862738,-0.29319462504132943
57.513681177989575,-0.96195470254286852,-0.10504610654876528
57.179198474931461,0.96963384592699853,0.40489131028948294
56.313874207846332,0.87024634573349413,-0.59035529752153904
56.535675506543946,0.9488222951879175,0.26928763356408503
56.569651380057074,0.39660262110157551,0.68384864873200513
57.001502046621816,0.56377454026562013,-0.61545265000688221
57.2668874098229,0.61114618018081646,1.4855446649870585
57.785456501108229,-0.85254838372399577,-1.1125487251477835
56.414206054156566,1.0588125789599556,0.23024787171606506
56.325697883213891,-0.32840496146660164,-1.0827708589526979
56.170888548101921,0.36298541800712569,0.60247376053501722
57.185665318278708,1.9506437611389311,0.056982966330073312
57.534034744891031,0.47442040413839254,0.74890984741427657
57.362635333973294,-0.57595917876591818,-0.94652436277149155
57.76219866515823,0.86714818598890897,-0.79424470139648606
56.887222305302053,-0.49732185000154372,-1.4410199963136716
57.603542353732976,-1.0788844711691061,-0.63017883476844394
57.163427021995112,-0.48160771887920284,-0.58276626850222701
56.374864422375765,0.79097673670420254,0.81512616471798338
56.001335252974677,1.0775595156082614,0.42106692879163937
56.482904775033965,0.70573118538943691,-0.0081302460914990746
57.05363684797782,0.17546441419975783,0.98729389647688648
57.6576917292169,-0.1517596145724843,-1.4996043790383131
56.165591240329569,-0.39775104135381228,1.0326463110287105
57.143456929775638,-0.020970477805713296,-0.95167471726823116
55.968115534945149,1.2904084767180914,1.0519009620718238
57.167392348965485,0.52602491151104136,-0.80270030158473638
56.689435047692264,-1.5197015936850766,-0.14682512497042791
57.50086743657959,0.52547758661674993,1.2252253771808699
57.221088578767464,-0.98820006646246772,0.98094310866150647
56.024442030534971,0.91553109253625675,-1.0233030874572113
57.172931340447946,0.91945752816649351,0.82355272590416373
